"","1953-07-29","1954-04-30","1954-11-19","1955-06-23","1956-01-20","1956-07-07","1957-03-15","1957-08-29","1958-05-09","1958-11-27","1959-06-25","1960-01-27","1960-07-01","1961-03-17","1961-08-22","1962-05-11","1962-12-07","1963-06-28","1964-01-24","1964-07-29","1965-03-19","1965-07-23","1966-05-06","1966-12-08","1967-06-30","1968-01-26","1968-06-28","1969-03-21","1969-07-03","1970-03-20","1970-07-11","1971-02-12","1971-07-19","1971-12-17","1972-06-23","1972-09-22","1973-06-20","1974-01-25","1974-07-25","1975-03-21","1975-10-17","1976-05-14","1976-12-08","1977-06-24","1978-01-20","1978-06-23","1979-02-16","1979-09-21","1980-03-21","1980-07-04","1981-02-20","1981-06-26","1981-11-12","1982-03-12","1982-06-25","1982-11-12","1983-01-20","1983-10-14","1984-05-04","1984-11-16","1985-06-14","1985-12-13","1986-06-27","1986-12-11","1987-09-02","1988-03-11","1988-09-30","1989-04-26","1989-11-09","1990-05-31","1990-11-22","1991-06-21","1992-01-24","1992-07-22","1993-03-05","1993-09-24","1994-04-15","1994-09-21","1995-06-02","1995-12-08","1996-07-09","1997-01-31","1997-08-05","1998-03-27","1998-10-16","1999-05-07","1999-12-03","2000-07-07","2001-01-26","2001-07-06","2002-03-21","2002-09-13","2003-03-20","2003-07-04","2004-01-16","2004-07-02","2004-12-03","2005-05-12","2005-09-28","2006-05-11","2006-12-01","2007-07-06","2008-01-25","2008-06-27","2009-03-27","2009-09-08","2010-05-21","2010-12-15","2011-07-08","2012-01-27","2012-07-19","2013-03-22","2013-09-03","2014-05-09","2014-12-05","2015-07-03","2016-01-29","2016-07-08","2017-03-24","2017-09-05","2018-05-18","2018-12-14","2019-06-28","2020-01-31","2020-08-07","2021-03-26","2021-09-07","2022-06-03"
"1","antrag","antrag","antrag","antrag","antrag","antrag","antrag","tagesordnung","präsident","präsident","präsident","präsident","präsident","antrag","geschäftsordnung","weihnachtsgeld","beamten","beamten","hannover","beamten","schmittvockenhausen","beamten","beamten","dienstes","beamten","dienstes","beamten","beamten","beamten","beamten","beamten","umweltschutz","benzin","umweltschutz","bundesgrenzschutz","arbeitsgruppe","genscher","genscher","genscher","sport","bundesgrenzschutz","kernenergie","forschung","kernenergie","kernenergie","forschung","kernenergie","kernenergie","kernenergie","kernenergie","kernenergie","kernenergie","nordsee","kernenergie","forschung","kommission","mikroelektronik","umweltschutz","umweltschutz","buschhaus","umwelt","kernenergie","umwelt","wallmann","kernenergie","töpfer","töpfer","töpfer","töpfer","töpfer","umwelt","umwelt","töpfer","rio","umwelt","umwelt","braunkohle","umwelt","merkel","naturschutz","umwelt","umwelt","umwelt","merkel","merkel","umweltpolitik","trittin","energien","klimaschutz","trittin","naturschutz","energien","energien","energien","energien","energien","energien","energien","energien","energien","energien","energien","klimaschutz","energien","klimaschutz","energien","energien","energien","energien","energien","energiewende","energiewende","energiewende","energiewende","energien","energiewende","klimaschutz","energiewende","klimaschutz","energiewende","klimaschutz","co","co","klimaschutz","klimaschutz","klimaschutz","klimaschutz","energien"
"2","tagesordnung","dr","dr","geschäftsordnung","geschäftsordnung","präsident","dr","präsident","antrag","fraktion","herr","herr","herr","beamten","herren","antrag","harmonisierungsnovelle","dienst","beamten","diäten","bundestages","dienst","gscheidle","beamten","dienst","dienst","dienst","dienstes","vergütungsgruppe","dienst","genscher","benda","liter","umweltschutzes","bundesgrenzschutzes","besoldungsvereinheitlichungs","innern","innern","innern","sports","bundesgrenzschutzes","sport","krebsforschung","forschung","forschung","kernenergie","energiepolitik","forschung","kohle","forschung","forschung","enquetekommission","forschung","enquetekommission","enquetekommission","umweltschutz","snr","wald","umwelt","umweltschutz","umweltschutz","umweltschutz","umweltschutz","kernenergie","umwelt","kernenergie","umwelt","umwelt","umwelt","umwelt","wälder","töpfer","umwelt","umwelt","töpfer","töpfer","kernenergie","töpfer","kernenergie","merkel","naturschutz","naturschutz","naturschutz","umweltpolitik","umwelt","umwelt","umwelt","kernenergie","trittin","transporte","energien","nachhaltigkeit","umweltpolitik","naturschutz","erneuerbaren","erneuerbaren","umweltpolitik","klimaschutz","erneuerbaren","erneuerbaren","gabriel","klimaschutz","energien","klimaschutz","energien","klimaschutz","erneuerbaren","erneuerbaren","erneuerbaren","energiewende","energien","energien","klimaschutz","energien","klimaschutz","klimaschutz","energien","erneuerbaren","klimaschutzplan","klimaschutz","co","energiewende","klimaschutz","co","erneuerbaren","energien","energien","erneuerbaren"
"3","herr","damen","damen","dr","herren","geschäftsordnung","geschäftsordnung","geschäftsordnung","geschäftsordnung","antrag","antrag","herren","antrag","herr","antrag","beamten","gscheidle","dienstes","petitionsausschuss","vorlage","bundestagsvorstand","öffentlichen","dienst","dienst","dienstes","benda","neugliederung","innenausschuss","vorstand","dienstes","guatemala","genscher","gramm","genscher","genscher","genscher","beamten","länder","dienstes","kernenergie","innern","oldenburg","technologie","kernkraftwerke","kernkraftwerke","technologie","brüter","grundlagenforschung","forschung","umweltschutz","laermann","fernwärme","technologie","entsorgung","technologie","snr","technologie","waldsterben","forschung","wald","autos","tempolimit","luft","umwelt","tschernobyl","umwelt","kernenergie","kernenergie","umweltpolitik","nordsee","kernenergie","tschernobyl","kernenergie","ostsee","naturschutz","rio","töpfer","umweltpolitik","umwelt","umwelt","reaktorsicherheit","merkel","merkel","naturschutz","naturschutz","ausstieg","ukraine","ausstieg","energien","naturschutz","energiepolitik","klimaschutz","umwelt","erneuerbaren","eeg","emissionshandel","erneuerbaren","nachhaltigkeit","reach","klimaschutz","umwelt","erneuerbaren","gabriel","erneuerbaren","gabriel","erneuerbaren","klimaschutz","energiekonzept","kernenergie","erneuerbaren","erneuerbaren","erneuerbaren","energien","erneuerbaren","energiewende","energien","energiewende","energien","energiewende","energien","energiewende","klimaschutz","energiewende","energien","energien","erneuerbaren","klimaschutzgesetz","gas"
"4","geschäftsordnung","herren","vizepräsident","herren","damen","herren","damen","herren","fraktion","herren","herren","dr","fraktion","herren","herr","vorschuss","dienst","wuermeling","kommission","beamte","bürohaus","innenausschuss","dienstes","besoldungsgruppe","gscheidle","petitionen","brück","dienst","petitionsausschuss","öffentlichen","innern","innern","blei","innern","länder","kommission","dienst","bund","dienst","bund","kernenergie","schaumburglippe","krebs","nutzung","technologie","nutzung","schnellen","energie","nutzung","umweltpolitik","krebs","programm","gutachten","energiepolitik","stahl","kohle","forschung","luft","technik","umwelt","umweltpolitik","umwelt","tschernobyl","tschernobyl","wallmann","industrie","tschernobyl","umweltpolitik","industrie","anlagen","töpfer","kernenergie","energiepolitik","töpfer","feige","naturschutz","steinkohle","enquetekommission","energien","reaktorsicherheit","merkel","umweltschutz","kernenergie","umwelt","bundesministerin","trittin","umweltpolitik","trittin","umwelt","klimaschutz","kernenergie","energiepolitik","ökologischen","wälder","klimaschutz","klimaschutz","klimaschutz","umwelt","klimaschutz","energiepolitik","erneuerbaren","klimawandel","erneuerbaren","strom","asse","strom","kopenhagen","laufzeitverlängerung","japan","röttgen","röttgen","eegumlage","altmaier","eeg","erneuerbaren","erneuerbaren","paris","klimaschutz","energien","erneuerbaren","energien","erneuerbaren","energien","energiewende","energiewende","wasserstoff","klimapolitik","klimaschutz"
"5","dr","präsident","herr","damen","präsident","dr","präsident","damen","dr","tagesordnung","damen","antrag","herren","fraktion","präsident","weihnachten","brück","matzner","gscheidle","bezüge","beamten","dienstes","öffentlichen","beamte","miessner","innern","innenausschuss","besoldungsgruppe","stiftung","wagner","öffentlichen","verbrechensbekämpfung","bleigehalt","umwelt","innern","ländern","bund","wald","innenausschuss","ländern","baum","niedersachsen","abwasserabgabe","technologie","entsorgung","bundesregierung","technologie","energiepolitik","technologie","nutzung","energiepolitik","riesenhuber","energieforschung","abfälle","kernenergie","kohlepolitik","riesenhuber","umwelt","technologie","kernenergie","auto","benzin","kernenergie","cattenom","umweltschutz","entsorgung","umweltpolitik","reaktorsicherheit","kernenergie","umweltschutz","enquetekommission","schmidbauer","schäfer","industrieländer","umweltschutz","dsd","morsleben","energien","umweltpolitik","umweltschutz","kernenergie","umweltpolitik","gorleben","energien","umweltpolitik","kernenergie","energien","umwelt","umweltpolitik","umwelt","umweltpolitik","trittin","erneuerbaren","novelle","trittin","trittin","trittin","trittin","kernenergie","umweltpolitik","naturschutz","emissionshandel","bali","energie","erneuerbaren","biogas","röttgen","klimaschutz","erneuerbare","klimaschutz","strom","altmaier","erneuerbaren","klimaschutz","energieeffizienz","fracking","erneuerbaren","fracking","erneuerbaren","strom","erneuerbaren","energien","erneuerbaren","erneuerbaren","wasserstoff","energiewende","industrie","energie"
"6","herren","sitzung","herren","präsident","dr","damen","herren","fraktion","tagesordnung","herr","fraktion","vorlage","damen","präsident","vorlage","herren","besoldung","schmittvockenhausen","öffentlichen","doppelversorgung","vorstand","besoldung","innenausschuss","öffentlichen","innenausschuss","bundesgrenzschutz","stufe","schmittvockenhausen","beamte","innern","dienst","sofortprogramm","pro","umweltprogramm","sicherheit","verhaltensregeln","naturschutz","stoffe","länder","länder","badenwürttemberg","anlagen","forschungspolitik","matthöfer","nutzung","forschungs","forschung","technologie","kernkraftwerke","stoffe","krebsforschung","forschung","stahl","forschung","schnellen","luft","lenzer","umweltpolitik","waldsterben","nordsee","zimmermann","luft","nordsee","industrie","nutzung","umweltpolitik","industrie","naturschutz","umweltschutz","kernenergie","tropischen","naturschutz","reaktorsicherheit","naturschutz","umweltpolitik","umweltpolitik","energiepolitik","steinkohle","naturschutz","morsleben","tschernobyl","energien","energien","umweltschutz","reaktorsicherheit","nachhaltigkeit","kernenergie","erneuerbaren","ökosteuer","gorleben","klimaschutz","johannesburg","trittin","verpackungsverordnung","emissionshandel","eeg","reach","erneuerbaren","sellafield","umwelt","klimaschutz","prozent","prozent","prozent","energie","energie","prozent","erneuerbare","strom","energieeffizienz","prozent","eeg","gorleben","industrie","eeg","kwk","strom","strom","marrakesch","mieterstrom","siemens","klimawandel","strom","wasserstoff","strom","nachhaltigkeit","erneuerbaren","strom"
"7","sitzung","uhr","präsident","vizepräsident","tagesordnung","herr","uhr","herr","abgeordneter","damen","geschäftsordnung","damen","innenausschuss","kühlthau","damen","zahlung","dienstes","erhöhung","besoldung","dienst","räume","sachverständigenrat","huyn","fortbildung","beamte","beamten","schmittvockenhausen","beamtinnen","dienst","genscher","dienstes","umwelt","genscher","bund","polizei","innern","polizei","grundgesetzänderung","umweltschutz","sportförderung","gewässer","abfälle","laermann","entsorgung","stahl","antarktis","lenzer","albrecht","anlagen","umwelt","krebsbekämpfung","kernkraftwerke","humanisierung","fortschreibung","brüter","brüter","steger","späth","industrie","umweltpolitik","bundesregierung","umweltpolitik","stoffe","umweltschutz","kernkraftwerke","reaktorsicherheit","brüter","energien","umweltminister","stoffe","energien","ökologischen","energieversorgung","ökologischen","bundesumweltminister","feige","umwelt","ökologische","reaktorsicherheit","bundesministerin","morsleben","reaktorsicherheit","umweltschutz","klimaschutz","nachhaltigkeit","energien","ausstieg","energiepolitik","haag","kernenergie","trittin","energie","ökologische","ökologisch","energiepolitik","industrie","energiepolitik","steinkohle","energiepolitik","energie","reaktorsicherheit","gabriel","erneuerbare","gabriel","emissionshandel","klimawandel","fotovoltaik","röttgen","energiekonzept","durban","energie","strom","emissionshandel","energie","industrie","gabriel","ziele","eeg","paris","hendricks","erreichen","strom","gas","strom","eeg","industrie","strom","ausbau"
"8","damen","abstimmung","schmid","herr","uhr","tagesordnung","herr","rasner","herren","dr","krankenanstalten","abgeordnete","vizepräsident","sonntage","ausschuss","weihnachtsgeldes","bundesbesoldungsgesetzes","haushaltsausschuss","schmittvockenhausen","dorn","räumen","beamtenbesoldung","miessner","petitionsausschuss","besoldung","angestellten","öffentlichen","besoldung","satzung","beamte","beamte","schäfer","innenausschuss","abfallbeseitigung","beamten","neuregelungsgesetz","länder","landschaftspflege","öffentlichen","innern","bodensee","nutzung","innenausschuss","bundesregierung","kernkraftwerken","standort","fortschreibung","ministerpräsident","stahl","humanisierung","kernkraftwerke","industrie","kernenergie","kernkraftwerke","hamburg","ta","industrie","grossfeuerungsanlagenverordnung","umweltpolitik","kohle","kernenergie","technik","umweltpolitik","umweltpolitik","reaktorsicherheit","umweltschutz","umweltschutz","fckw","stoffe","abfälle","umweltschutz","energiepolitik","energie","konferenz","reaktorsicherheit","verpackungsverordnung","abfälle","kernenergie","umweltschutz","umweltpolitik","bundesministerin","bundesministerin","natur","kioto","kernenergie","ökologische","klimaschutz","kraftwärmekopplung","kernenergie","atomenergie","erneuerbaren","enquetekommission","ökosteuer","wald","umweltpolitik","umwelt","umwelt","energie","trittin","gabriel","sigmar","energieeffizienz","co","kraftwärmekopplung","strom","erneuerbare","erneuerbare","energie","netzausbau","energie","industrie","cent","industrie","strom","strom","energieeffizienz","erreichen","stahlindustrie","hendricks","kohle","klimawandel","erreichen","kohleausstieg","klimawandel","eegumlage","strom","copreis","fossilen"
"9","fraktion","herr","sitzung","sitzung","vizepräsident","gerstenmaier","vizepräsident","antrag","damen","uhr","dr","abgeordneter","lesung","damen","matzner","überleitung","herren","antrag","beamtenrechts","dienstes","beamte","schmittvockenhausen","besoldungsordnung","innenausschuss","beamtenschaft","goetheinstituts","dienstes","besoldungsneuregelungsgesetz","besoldungsgruppe","besoldungsrückstandes","schäfer","bundeskriminalamt","dienstes","gruhl","bgs","umweltschutz","landschaftspflege","bundes","bund","sportkonferenz","benzin","sports","forschungs","kernkraftwerken","albrecht","gorleben","nutzung","luft","technik","energiepolitik","kohle","ausbau","programm","gorleben","thtr","inbetriebnahme","inbetriebnahme","bundesinnenminister","grossforschungseinrichtungen","luft","tempolimit","auto","ta","brokdorf","hauff","transnuklear","nordsee","schäfer","naturschutz","reaktorsicherheit","lippold","reaktorsicherheit","tschernobyl","umweltschutz","energieversorgung","umweltschutz","kohle","feige","klimaschutz","kernenergie","endlager","angela","reaktorsicherheit","kernenergie","umweltschutz","naturschutz","ökologische","energie","energiepolitik","umweltpolitik","ausstieg","umweltpolitik","eeg","eeg","umwelt","tonnen","industrie","wald","energieeffizienz","reach","erneuerbare","kernenergie","naturschutz","müssen","umwelt","nutzung","eeg","brennelementesteuer","ccs","umwelt","energieeffizienz","energie","solarindustrie","energieeffizienz","kohle","tonnen","industrie","ausbau","endlager","anlagen","sektoren","ziele","energie","emissionshandel","kohleausstieg","altmaier","nachhaltigkeit","energieversorgung"
"10","abstimmung","vizepräsident","uhr","hauses","sitzung","fraktion","sitzung","dr","gerstenmaier","abgeordnete","ältestenrat","gerstenmaier","krankenanstalten","vorlage","entschliessungsantrag","geschäftsordnung","besoldungserhöhungsgesetz","besoldung","dienst","abgeordneten","besoldung","anpassung","brück","verwaltung","öffentlichen","meermann","verwaltung","öffentlichen","tierschutzgesetz","schäfer","abteilung","beamten","dienst","abfälle","abfallbeseitigung","länder","umweltschutz","umweltschutz","umweltschutzes","bundes","wahlrecht","kernkraftwerke","forschungsförderung","stahl","lenzer","matthöfer","kernkraftwerke","landesregierung","energie","technologie","bundesregierung","humanisierung","enquetekommission","bundesregierung","april","forschung","technik","schäden","luft","waldsterben","wald","grünen","technik","hauff","naturschutz","umweltminister","reaktorsicherheit","nordsee","fckw","industrie","pvc","schäfer","naturschutz","umweltpolitik","ökologischen","ökologischen","verwertung","lippold","lippold","bundesregierung","stoffe","verpackungsverordnung","umweltpolitik","bundesministerin","frau","energie","stadtwerke","grill","ökologisch","ausstieg","umwelt","emissionshandel","naturschutz","umwelt","photovoltaik","emissionshandels","kiotoprotokoll","deutschland","atomenergie","nachhaltigkeit","endlager","kohle","strom","eeg","kernenergie","beirat","kernenergie","energiepolitik","klimaschutz","prozent","photovoltaik","energieeffizienz","backloading","unternehmen","energie","energie","klimawandel","fukushima","gorleben","energiepolitik","emissionshandel","wald","stream","klima","industrie","energie","energiewende","erneuerbare"
"11","uhr","fraktion","fraktion","uhr","herr","uhr","tagesordnung","grundgesetzänderung","herr","geschäftsordnung","abgeordneter","geschäftsordnung","abgeordneter","einfachen","kühlthau","krankenanstalten","öffentlichen","gscheidle","antrag","schmittvockenhausen","gradl","gscheidle","besoldungsreform","unteroffiziere","innenausschusses","staatssekretär","alters","miessner","innenausschuss","besoldungsrückstand","versetzt","kriminalpolizei","beamten","umweltpolitik","bund","verfolgung","sicherheit","umwelt","luft","gewässer","beamten","innenausschuss","abgabe","stavenhagen","bau","bau","snr","öl","bundesregierung","industrie","riesenhuber","energiepolitik","forschungs","endlagerung","nutzung","risiko","nutzung","technik","ökologischen","energiepolitik","automobilindustrie","ibbenbüren","industrie","ausstieg","ausstieg","stoffe","stoffe","umweltschutz","schäfer","naturschutz","ökologische","umweltpolitik","umweltpolitik","fckw","anlagen","verwertung","energie","naturschutz","energiepolitik","endlager","genehmigungsverfahren","stromeinspeisungsgesetz","bundesministerin","hustedt","transporte","energiepolitik","naturschutz","strom","naturschutz","nachhaltigkeit","hustedt","erneuerbaren","energie","trittin","erneuerbare","naturschutz","endlager","erneuerbare","deutschland","öl","gorleben","energie","energie","erneuerbare","gorleben","energieeffizienz","energiepolitik","umwelt","kernkraftwerke","gorleben","kraftwärmekopplung","industrie","emissionshandels","eegumlage","deutschland","strom","deutschland","deutschland","ziele","netzentgelte","industrie","anlagen","kohle","arbeitsplätze","arbeitsplätze","arbeitsplätze","wasserstoff","öl"
"12","ausschuss","bundestag","abgeordnete","fraktion","weihnachten","sitzung","abgeordneter","sitzung","minuten","gerstenmaier","gerstenmaier","fraktion","kühlthau","rutschke","verbesserungen","damen","ausschuss","beamtenschaft","dienstes","altersversorgung","gscheidle","bundesbeamten","studienkommission","amt","disziplinarrecht","angestellte","verbesserungen","verbesserungen","besoldungsneuregelungsgesetz","bundesinnenminister","kontakt","umweltschutzes","besoldung","programm","grundgesetzänderung","minister","bundes","waldes","wahlkreiskommission","vereine","umweltschutz","kernkraftwerken","grundlagenforschung","bau","solartechnik","energie","gorleben","kernkraftwerke","laermann","laermann","niedersachsen","empfehlungen","arbeitslebens","technik","technik","kernenergie","enquetekommission","hauff","mikroelektronik","steinkohle","benzin","brüter","wallmann","landesregierung","energiepolitik","naturschutz","naturschutz","industrie","reaktorsicherheit","entsorgung","ökologischen","energie","ökologischen","weltweit","natur","hartenstein","entsorgung","ökologischen","coemissionen","vielfalt","abfälle","caspersmerk","entsorgung","schütz","müller","wiederaufbereitung","strom","umweltpolitik","lippold","ökosteuer","atomenergie","grill","nachhaltigkeit","innovationsklausel","arbeitsplätze","allokationsplan","umweltschutz","kiotoprotokoll","energie","umweltschutz","energie","erneuerbare","umwelt","nutzung","prozent","ccs","energieeffizienz","strom","energiepolitik","industrie","energiepolitik","ausbau","unternehmen","ausbau","gabriel","unternehmen","hendricks","prozent","bullingschröter","deutschland","kohleausstieg","emissionen","versorgungssicherheit","klimapaket","ausbau","deutschland","wirtschaft","energiewende"
"13","bitte","tagesordnung","geschäftsordnung","tagesordnung","fraktion","abgeordnete","rasner","beratung","abgeordnete","vizepräsident","abgeordnete","kollegen","vorlage","energiewirtschaftsgesetzes","vizepräsident","schmittvockenhausen","damen","öffentlichen","petitionsausschusses","aufwandsentschädigung","verwaltung","beamte","finanzgerichte","planstellen","dorn","petitionsausschuss","hinterbliebenenversorgung","beamte","dienstes","mittleren","spreti","dienst","innern","industrie","innenausschuss","polizei","inneren","naturschutz","beamten","nutzung","innenausschuss","bundesregierung","kernenergie","schnellen","bundesregierung","energiepolitik","betrieb","nutzung","krebsbekämpfung","arbeitslebens","umweltschutz","programms","kernkraftwerke","nutzung","snr","wolfram","brüter","badenwürttemberg","wald","kraftwerk","forschung","formaldehyd","ausstieg","ibbenbüren","industrie","nutzung","asbest","lennartz","baum","umweltpolitik","anlagen","energiepolitischen","greifswald","elbe","klausdieter","ökologisch","umweltpolitik","klaus","enquetekommission","natur","energien","ökologische","rio","reaktorsicherheit","nutzung","ökologischen","kraftwärmekopplung","nachhaltigkeit","kraftwärmekopplung","castortransporte","anlagen","nachhaltige","klimaschutz","konferenz","ökologisch","reach","erneuerbare","reach","umwelt","kernenergie","strom","umwelt","tonnen","biomasse","erneuerbare","prozent","energie","prozent","energiewende","ausbau","asse","rösler","eeg","netzausbau","prozent","bullingschröter","prozent","hendricks","atomenergie","umwelt","klimaziele","ausbau","emissionen","industrie","erneuerbare","co","kohleausstieg","wirtschaft"
"14","abgeordneter","abgeordnete","hauses","wort","abgeordneter","abgeordneter","fraktion","gerstenmaier","sitzung","sitzung","tagesordnung","ausschuss","dr","dienst","dienst","präsident","änderung","kinderzuschläge","innenminister","pension","zivilbeschäftigten","überleitung","bundesinnenminister","parlament","zulage","bund","besoldungsneuregelungsgesetzes","besoldungsordnung","ii","kollege","botschafters","polizei","umwelt","landschaftspflege","polizeilichen","schäfer","ländern","ländern","umweltbundesamt","bundesregierung","stoffe","landesregierung","abwasserabgabengesetz","technik","forschungsförderung","hauff","energieverwendung","bundesregierung","bau","bundesregierung","grundlagenforschung","bereich","technologien","grossforschungseinrichtungen","projekt","technologie","schnellen","benzin","zimmermann","zimmermann","industrie","wald","zimmermann","chemischen","atomenergie","abfälle","fckw","technik","schmidbauer","technik","reaktorsicherheit","umweltschutz","bundesumweltminister","laufs","ökologische","umweltminister","endlager","klinkert","energie","angela","umweltpolitik","frau","nachhaltigen","ministerin","atomenergie","umweltschutz","loske","nutzung","transporte","energien","ökosteuer","umwelt","energiepolitik","bergbau","kiotoprotokoll","ökosteuer","minister","tonne","wälder","energiegipfel","fell","co","coemissionen","energiepolitik","atomenergie","nachhaltige","umwelt","gorleben","ausstieg","rohstoffe","ausbau","verbraucher","energie","deutschland","emissionshandel","co","kohle","tschernobyl","müssen","nachhaltigkeitsstrategie","kohle","grad","nord","energie","energie","ausbau","klimawandel","eegumlage"
"15","hauses","geschäftsordnung","wort","abgeordnete","sonntage","lesung","fraktionen","lesung","hauses","haus","herrn","uhr","geschäftsordnung","abgeordneter","fraktion","ausschüsse","harmonisierung","vorlage","länder","bundesbeamtengesetzes","dienst","vierten","graf","miessner","stufe","beamte","beamte","innenausschusses","bediensteten","innenausschuss","innenministerium","öffentlichen","gruhl","bodensee","polizeiliche","inneren","bundesgrenzschutz","regelungen","bundesgrenzschutz","wyhl","länder","volksentscheid","gebiet","forschungsförderung","moratorium","fortschreibung","energie","hauff","kernkraftwerken","kohle","kernkraftwerk","technologie","medienbericht","technologie","betreiber","empfehlung","kernenergie","zimmermann","forschungs","energieversorgung","nordsee","stoffe","müssen","reaktorsicherheit","hessen","buschhaus","schäfer","umweltminister","entsorgung","energie","knabe","kernkraftwerke","kozloduj","stoffe","kernenergie","reaktorsicherheit","energien","kohle","ökologische","nordsee","nutzung","kampeter","nutzung","grill","angela","atomenergie","atomenergie","anlagen","ökologische","homburger","energiebericht","rio","ökologisch","waldbesitzer","kernenergie","erneuerbare","energie","abfälle","kosten","erneuerbare","kernenergie","tonnen","kauch","höhn","sigmar","energieversorgung","strom","kernenergie","prozent","energiepolitik","umwelt","kilowattstunde","netzausbau","gabriel","unternehmen","eegumlage","energie","erneuerbare","kohle","strukturwandel","energie","energie","energiepolitik","kohleausstieg","kohle","brauchen","co","habeck"
"16","wort","bundestages","tagesordnung","bundestages","abstimmung","vizepräsident","abgeordnete","abgeordneter","schmid","abgeordneter","vizepräsident","wort","beschlüsse","kollege","lesung","haus","stellenpläne","petitionsstelle","ingenieurschulen","grundgesetzes","vorstandes","verbesserungen","dorn","artzinger","bund","parlamentarischer","unteroffiziere","richter","petenten","berger","entführern","wasser","öffentlichen","naturschutz","ländern","halte","verbrechensbekämpfung","anlagen","bundes","bundessportplan","wahlkreiseinteilung","neugliederung","nutzung","hauff","forschungs","antarktisvertrag","kalkar","entsorgung","energiepolitik","technik","ausbau","arbeitslebens","forschungsförderung","schäfer","hochtemperaturreaktor","technik","laermann","forschung","pcb","tempolimit","hauff","ta","nutzung","kernkraftwerke","nordsee","nordsee","bundesumweltminister","stoffe","wasser","verbrennung","wasserstoff","energien","feige","entwicklungsländer","brunsbüttel","ökologische","feige","energiepolitik","industrie","ökologischen","umweltschutz","hustedt","strom","frau","nachhaltige","loske","energie","atomenergie","morsleben","entsorgung","grill","hirche","paziorek","holz","biomasse","kosten","kernenergie","emissionshandel","erreichen","energieeffizienz","marktanreizprogramm","coemissionen","müssen","erneuerbarer","klima","nachhaltigkeit","energieversorgung","energieeffizienz","energieversorgung","umweltminister","klimaschutz","erneuerbare","strom","erneuerbare","hendricks","industrie","energieeffizienz","stahl","endlagerung","kohleausstieg","arbeitsplätze","umweltpolitik","müssen","klimaziele","altmaier","klimawandel","klima","wasserstoff"
"17","vizepräsident","fraktionen","fraktionen","anträge","übergang","ältestenrat","bitte","atomgesetzes","fraktionen","hauses","lesung","herrn","haushaltsausschuss","erhöhung","abgeordneter","regelung","bundesinnenminister","beamtenbesoldung","niederlassungsrecht","versorgungsempfänger","innenausschuss","stellenpläne","einheitlichkeit","dienstlichen","harmonisierung","bediensteten","besoldungsneuregelungsgesetz","lehrer","volksentscheid","erhöhung","einstweiligen","dienstes","umweltschutzes","verursacherprinzip","umweltschutzes","ersten","beamte","gewässer","berger","umweltschutz","wasch","bevölkerung","krebsbekämpfung","forschungs","energie","kernkraftwerke","bau","meerestechnik","umwelt","forschungs","landesregierung","nutzung","bundesregierung","wiederaufarbeitung","solarenergie","steinkohle","technologien","pflanzen","natur","braunkohle","schäfer","autos","grünen","kohle","töpfer","technik","kernkraftwerke","energie","lennartz","bundesimmissionsschutzgesetz","schutz","atomenergie","kernkraftwerke","reaktorsicherheit","wald","walfang","reaktorsicherheit","artikelgesetz","atomenergie","homburger","technik","verordnung","homburger","angela","entsorgung","umweltminister","anlagen","gorleben","nachhaltigkeit","zwischenlager","energieversorgung","ökologische","biomasse","erneuerbare","energieversorgung","biomasse","emissionshandel","industrie","prozent","industrie","klimawandel","atomenergie","kohlekraftwerke","verbraucher","atomkraft","umwelt","erneuerbarer","energieversorgung","fukushima","strom","eeg","unternehmen","umweltminister","energiepolitik","krischer","deutschland","erneuerbare","bullingschröter","brennelementesteuer","nachhaltigkeit","müssen","kohle","emissionshandel","klimapolitik","co","wirtschaft","technologien","preise"
"18","abgeordneten","schmid","abgeordneter","deckung","abgeordnete","bitte","ältestenrat","atomgesetz","mitglieder","morgen","schmid","vizepräsident","hauses","uhr","abgeordnete","haushaltsausschuss","innenausschuss","verbesserungen","niedersachsen","überleitung","dienstes","innenausschusses","beamtenrecht","brück","brese","besoldung","abgeordneten","innern","amtsbezeichnung","tarifverhandlungen","personalpolitik","luft","gehobenen","ländern","innenminister","schutz","dienstes","sports","minister","wald","wahlkreise","gruhl","bereich","riesenhuber","niedersachsen","entsorgung","antarktis","kohle","stoffe","grundlagenforschung","technologie","stahl","jansen","laufs","gerstein","enquetekommission","technischen","kohle","grossfeuerungsanlagenverordnung","ehmke","wiederaufarbeitung","wiederaufarbeitungsanlage","tempolimit","energiepolitik","grundwasser","chemischen","ozonschicht","hartenstein","trinkwasser","energien","massnahmen","enquetekommission","stoffe","ökologische","fckw","caspersmerk","naturschutz","braunkohle","angela","abfälle","klinkert","homburger","morsleben","umweltplan","enquetekommission","energieversorgung","ökologischen","kernkraftwerke","energie","ökologische","klimapolitik","prozent","erneuerbare","pfandpflicht","paziorek","förderung","paziorek","energieforschung","energiemix","biokraftstoffe","technologien","coausstoss","emissionshandel","emissionshandel","atomkraftwerke","ausbau","gorleben","asse","netz","rösler","energieversorgung","energiepolitik","ausbau","arbeitsplätze","eegumlage","prozent","kwk","industrie","gabriel","tihange","klimapolitik","kohleausstieg","energieversorgung","klimaschutzgesetz","windenergie","klimapolitik","arbeitsplätze","abhängigkeit"
"19","abgeordnete","drucksache","morgen","lesung","hauses","hauses","hauses","uhr","vizepräsident","cducsu","hauses","dehler","rutschke","dr","dehler","überwiesen","einfachen","besoldungsgruppen","landeshauptstadt","innern","öffentlichen","bundesgrenzschutz","finanzgerichtsordnung","dienstherrn","disziplinarrechts","bundesbehörden","süsterhenn","steuerbeamten","gfn","herr","ruhestand","abwässer","bleigehalts","wasser","dienst","notwendig","öffentlichen","landschaft","reinhaltung","anlagen","wasser","technologie","neugliederung","energie","energiepolitik","satelliten","hauff","tokio","krebs","programm","bau","entsorgung","nutzung","kernkraftwerken","wasser","umweltpolitik","förderung","waldschäden","hauff","bundesregierung","luft","massnahmen","schadstoffe","bevölkerung","energie","bundesumweltminister","montrealer","baum","natur","ökologischen","ausstieg","hartenstein","umweltminister","wälder","wismut","industrie","energieträger","energie","bundesministerin","energien","expo","boden","energiepolitik","strom","ministerin","grill","reaktorsicherheit","energieversorgung","atommüll","bullingschröter","kraftwärmekopplung","ökologie","strom","energie","prozent","kelber","kosten","kernenergie","industrie","fell","tonnen","energiepolitik","kohle","coemissionen","energieeffizienz","naturschutz","laufzeitverlängerung","atomkraftwerke","energie","klimafonds","erneuerbare","strompreise","umwelt","cent","umwelt","krischer","müssen","netzausbau","euratom","energie","strom","umwelt","klimawandel","wirtschaft","klimawandel","klimaziele","brauchen","deutschland"
"20","anträge","wort","bitte","abgeordneter","bundestages","fraktionen","punkt","abgeordnete","uhr","beratung","vorlage","kollege","erhöhung","vizepräsident","beamtengruppen","beschluss","herr","brück","höcherl","brück","rutschke","ländern","beamte","bundesbehörden","technikerzulage","bundesgrenzschutzes","lineare","teilzeitbeschäftigung","bat","schmittvockenhausen","bundesinnenminister","innenminister","hubraumsteuer","kompetenz","aufgaben","massnahmen","kompetenz","sportförderung","leistungssport","sportpolitik","bau","bundesgrenzschutzes","gewässer","einsatz","ausbau","energieversorgung","ueberhorst","bau","lenzer","arbeitswelt","nutzung","sachverständigen","technologiepolitik","kohle","gewässerschutz","studie","cbfunk","waldsterbens","massnahmen","grünen","einführung","bleifreies","umweltschutzes","nutzung","umweltpolitik","schäfer","tonnen","nutzung","wiederaufarbeitung","abfall","schäfer","energieversorgung","bulgarien","globale","risse","bundesumweltminister","energieversorgung","umweltschutz","kohle","lippold","hirche","ökologischen","bodenschutz","ahaus","grill","nutzung","homburger","müller","homburger","endlager","nutzung","energieversorgung","prozent","pfand","anlagen","nationalen","müssen","nachhaltige","nutzung","beirat","minister","zertifikate","kernenergie","umwelt","nutzung","nachhaltigkeitsstrategie","laufzeiten","naturschutz","ausbau","iter","rösler","netzausbau","energieeffizienz","klimawandel","arbeitsplätze","kohle","nachhaltigkeitsstrategie","paris","strom","ausstieg","emissionen","müssen","preis","ziele","wirtschaft","umwelt","wohlstand","versorgungssicherheit"
"21","herrn","handbuch","haus","haushaltsausschuss","gerstenmaier","rasner","lesung","hauses","bitte","wort","haus","besprechung","beamten","innenausschuss","überleitung","dienst","vorlage","besoldungsordnung","änderung","öffentlichen","abgeordneten","petitionsausschuss","besoldung","berufsunteroffiziere","verwaltung","öffentlichen","beamtenschaft","köppler","angestellten","hoechst","besoldungsgruppe","dorn","verminderung","gemeinden","bundes","besoldungsrechts","besoldung","vorschriften","beamte","sportorganisationen","luft","bundesgrenzschutz","anlagen","kernkraftwerk","laermann","forschungsförderung","laermann","laermann","energieversorgung","kommission","dring","bundesregierung","bmft","riesenhuber","laufs","schnellen","kommission","ministerpräsident","riesenhuber","tonnen","technik","natur","schmidbauer","atomenergie","tempolimit","baum","verbrennung","bundesumweltminister","wackersdorf","see","naturschutz","bundesumweltminister","ausstieg","schäfer","produktion","abfall","caspersmerk","klimaschutz","energieversorgung","hirche","landessammelstelle","altautoverordnung","boden","morsleben","ausstieg","reaktorsicherheit","tschernobyl","hustedt","erneuerbaren","nutzung","natur","nachhaltigen","erneuerbarer","prozent","industrie","emissionen","kelber","nutzung","minister","stoffe","hill","müssen","deutschland","tonnen","co","energieaussenpolitik","kauch","ziele","müssen","naturschutz","fukushima","kosten","rösler","ziele","ziele","gebäudesanierung","wärme","brauchen","milliarden","bullingschröter","umwelt","erneuerbare","brauchen","technologien","brauchen","technologien","ausbau","energiepreise"
"22","präsident","bundestags","ausschuss","haus","bitte","wort","bitten","ältestenrat","redezeit","anträge","schmücker","lesung","abgeordnete","abgeordnete","verteidigungsausschuss","novelle","bezüge","petitionen","innenausschuss","höcherl","dorn","doppelversorgung","ländern","dorn","brück","polizei","bediensteten","gehobenen","verwaltung","spillecke","zuwendung","bundeskriminalamtes","wagner","bundesregierung","bundeskriminalamt","ehrenordnung","bundeskriminalamt","umweltschutzes","ländern","bundesinnenminister","bgs","innern","zusammenarbeit","forschungspolitik","plutonium","garching","brüters","meeresforschung","dring","sachverständigen","brokdorf","bau","programms","anlagen","gewässer","forschungsgruppe","techniken","wälder","benzin","umweltschutzes","formaldehyd","grossfeuerungsanlagenverordnung","gefahren","technik","luft","grenzwerte","kalkar","müssen","abfälle","umweltminister","tropenwälder","braband","anlagen","ökologisch","rio","lippold","umweltschutz","verpackungsverordnung","energiesteuer","frau","sachsenanhalt","nutzung","nachhaltigkeit","stromeinspeisungsgesetz","ökologische","wiederaufarbeitung","wasser","ökosteuer","gorleben","atommüll","erneuerbare","ökologischen","koalitionsvereinbarung","natur","energie","instrument","naturschutz","naturschutz","kernkraftwerke","energiemix","umweltpolitik","naturschutz","umweltminister","anteil","biomasse","erneuerbarer","ausbau","laufzeiten","industrie","erneuerbare","kernenergie","umwelt","energiepolitik","müssen","müssen","erreichen","nachhaltigkeit","anlagen","atomkraft","belgien","ausbau","klimaziele","erneuerbare","coemissionen","ausstieg","stream","energie","kohle"
"23","haus","abgeordneter","bundestages","schneider","fraktionen","schmid","gestern","haus","bundestag","bitten","kollege","mitglieder","iv","geschäftsordnung","haushaltsausschuss","hauses","geschäftsordnung","harmonisierungsnovelle","lehrer","hauses","rieger","versorgungsempfänger","bund","schmittvockenhausen","innern","petitionsausschusses","versorgungsempfänger","bezüge","iii","gehobenen","spiele","bundesinnenminister","luftverschmutzung","länder","umweltschutz","länderparlamente","bundesinnenminister","schutz","bundesländern","innenausschuss","bundes","matthöfer","gesundheit","anlagen","ministerpräsident","entsorgungszentrums","entsorgung","technik","technologien","riesenhuber","ministerpräsident","technologien","bugl","genehmigungsverfahren","lenzer","umwelt","datenverarbeitung","ta","badenwürttemberg","offleben","grünen","nordsee","forschung","stoffe","umweltschutzes","tschernobyl","grenzwerte","schäden","energie","hartenstein","nutzung","energieträger","reaktoren","konvention","energie","klimaschutz","enkelmann","griefahn","nutzung","nutzung","ministerin","schutz","abfälle","hirche","homburger","kernkraftwerke","energiepolitik","enquetekommission","umweltminister","paziorek","homburger","erneuerbare","ökologie","nutzung","naturschutz","nachhaltigkeit","gorleben","tonnen","müssen","sigmar","verbraucher","strom","klimawandel","kraftwerke","höhn","emissionshandel","deutschland","kernkraftwerke","eeg","kauch","netze","energieversorgung","endlager","krischer","erreichen","sigmar","konferenz","müssen","abfälle","energieversorgung","ziel","umweltministerin","bepreisung","gas","photovoltaik","eeg","ziele","schwedt"
"24","punkt","anträge","lesung","schmid","redner","wehrpflichtgesetzes","eröffnet","fraktionen","cducsu","schmid","rasner","sitzung","innenausschusses","sonntagen","beschluss","termin","schoettle","petitionsausschusses","petitionen","besoldung","alternative","beamtenrechtlicher","präsident","hauses","besoldungsneuregelung","angestelltenverhältnis","arbeitsgruppe","besoldungsgruppen","innenausschusses","endosulfan","öffentliche","tübingen","beamte","rhein","innere","übersenden","lenz","sport","bundesinnenminister","innenausschusses","kernkraftwerke","länder","heidelberg","brüter","projekte","niedersachsen","enquetekommission","riesenhuber","stoltenberg","umweltschutzes","technik","projekte","landesregierung","energie","genehmigungsverfahren","kalkar","brüters","bundesregierung","technologien","stoffe","grenzwerte","energiepolitik","kernkraftwerke","damen","kohle","tonnen","umweltminister","anlagen","schäden","schmidbauer","schmidbauer","ökologische","enquetekommission","schutz","ausstieg","klaus","endlagerung","reaktorsicherheit","stromeinspeisungsgesetz","ökologische","pvc","bodens","hague","atomenergie","umweltministerin","merkel","energieversorgung","stromeinspeisungsgesetz","merkel","ökologisch","technologien","eeg","anlagen","nachhaltigkeit","kosten","wald","deutschland","loske","anlagen","nutzung","kohle","nutzung","erneuerbarer","wärme","kohlekraftwerke","klima","kohlekraftwerke","reaktorsicherheit","netze","kernenergie","rückholung","klimaschutz","china","prozent","erneuerbare","arbeitsplätze","klimakonferenz","markt","klimakonferenz","pariser","deutschland","klimapolitik","ausstieg","stream","klimakrise","klima","deutschland","brauchen"
"25","schmid","ausschuss","anträge","beratung","ausschuss","namens","abzulehnen","vizepräsident","debatte","namens","anträge","gatt","herrn","dezember","erhöhung","herr","schmittvockenhausen","beamte","wahlkreise","mandat","deutschen","miessner","antrag","beamtengehälter","richterbesoldung","promotion","strukturellen","lehrerbesoldung","vergütung","main","graf","beamte","umweltschutz","umweltschäden","verbrechensbekämpfung","versorgungsempfänger","innenminister","entwurf","innenminister","badenwürttemberg","übereinkommen","schäfer","wasser","energieversorgung","kohlekraftwerke","stahl","schäfer","umweltschutz","genehmigungsverfahren","öl","standort","energietechniken","gorleben","brüter","industrie","schäfer","programm","umweltschutzes","pflanzen","technik","schadstoffe","kohle","hauff","rhein","technik","störfallverordnung","baum","wackersdorf","endlagerung","nordseeschutzkonferenz","weltweit","abfälle","umweltschutz","industrieländern","kernkraftwerke","natur","industrie","umweltminister","ökoaudit","entsorgung","ökologische","natur","transporte","coemissionen","atomwirtschaft","atomkraft","hustedt","ökologischen","ausstieg","eva","coemissionen","ziele","verpackungsverordnung","verpackungen","ziele","anlagen","ökologische","kiotoprotokolls","pfeiffer","atomenergie","energieeffizienz","fell","sigmar","rohstoffe","naturschutz","co","co","endlager","röttgen","klimapolitik","netzausbau","markt","peter","atomkraft","coemissionen","müssen","wirtschaft","krischer","erreichen","paris","umweltpolitik","klima","kommission","windenergie","versorgungssicherheit","erneuerbare","emissionshandel","müssen"
"26","drucksache","gbbhe","abgeordneten","antrags","anträge","anträge","schneider","grundgesetzergänzung","vorlage","fdp","provokation","atzenroth","wort","ortszuschlag","beamten","abgelehnt","lehrer","tarifklasse","wuermeling","tagegeldpauschale","parlamentsreform","genfer","dienstrecht","versorgungsempfänger","verbesserungen","petenten","harmonisierung","besoldungsneuregelungsgesetzes","rollmann","beamtenbesoldung","auswärtigen","abfallbeseitigung","motoren","raumordnung","einsatz","vollbeschäftigungspolitik","schäfer","anforderungen","gruhl","abwasserabgabe","kernkraftwerken","forschung","krebsforschungszentrum","förderung","matthöfer","landesregierung","bundesregierung","kernkraftwerk","entsorgung","technologien","energieversorgung","technischen","nordseegutachten","schnellen","bundesregierung","erin","humanisierung","hessen","schadstoffe","forschung","verursacherprinzip","automobilindustrie","schönberg","naturschutz","tonnen","hauff","luft","tonnen","ökologischen","verwertung","energie","anlagen","energien","ozonschicht","ökologisch","antarktis","ökologische","caspersmerk","mochovce","energie","entsorgung","ministerin","frau","nordrheinwestfalen","mehl","klimaschutz","lippold","klimaschutz","eva","energie","atomausstieg","kiotoprotokoll","nutzung","industrie","nutzung","holz","bundesumweltminister","müssen","strom","abfälle","hansjosef","ziele","entwicklungsländer","energiepreise","klimawandel","kohlekraftwerke","ziele","kelber","laufzeitverlängerung","deutschland","anlagen","netze","erneuerbare","emissionshandel","tonnen","lima","grad","technologie","kohleausstieg","saathoff","ausstieg","prozent","gigawatt","altmaier","regionen","gas","klimaneutralität","industrie"
"27","möchte","abgeordneten","debatte","fraktionen","sonntag","beratung","wort","menzel","werkfernverkehr","ältestenrat","krankenhäuser","abstimmung","termin","forchheim","haus","fraktion","oktober","petitionsausschuss","ausschussbericht","verbesserungen","weihnachtsgeldes","hübner","beamtenbesoldung","versorgungsbezüge","bundesgrenzschutz","ruhestand","länder","richterbesoldung","entwurf","ruhestand","bundesminister","kriminalität","abgase","öffentlichen","bundesinnenminister","zulagen","umweltschutzes","wasserhaushaltsgesetz","innenausschusses","gruhl","reinigungsmitteln","sportförderung","bund","mw","förderung","energieverwendung","technik","niedersächsischen","krebsforschung","enquetekommission","gebaut","technik","neuer","landesregierung","brüters","brüters","superphénix","industrie","einführung","wolfram","schäden","schnellen","natur","herren","umweltminister","gorleben","natur","emissionen","technik","energieversorgung","natur","ausstieg","energieträger","müssen","umweltminister","vermeidung","ökologischen","rio","klimakonferenz","greenpeace","grill","verwertung","energieversorgung","enquetekommission","natur","enquetekommission","gorleben","naturschutz","bullingschröter","natur","umweltschutz","haag","nachhaltige","steinkohle","kelber","energie","nutzung","energiepolitik","clement","emissionshandel","natur","atomkraftwerke","höhn","naturschutz","fell","biomasse","klima","kauch","kraftwerke","erreichen","müssen","anlagen","photovoltaik","energieversorgung","sigmar","ausbau","brauchen","gabriel","erneuerbare","schacht","klima","altmaier","klima","deutschland","strompreise","klimakrise","generationen","transformation"
"28","beratung","antrags","berufe","hause","bitten","debatte","gerstenmaier","namens","spd","spd","hause","bremerhaven","tarifklasse","anhebung","kollege","inneres","mücke","vorstand","berufsbeamtentums","innenausschuss","hilfsdienst","brück","verwaltung","verbesserungen","spdbundestagsfraktion","verwaltung","zulagen","höheren","öffentlichen","besoldung","bundesgrenzschutz","schutzpolizei","richterbesoldung","gesetzgebungskompetenz","inneren","besoldungserhöhungsgesetz","innere","natur","hirsch","maihofer","umweltschutzes","endlagerung","daher","projekte","baum","technologien","entscheidung","laufs","energiepolitischen","dring","energie","kernkraftwerken","gerstein","kernenergiepolitik","bundesinnenminister","bergbau","frankreich","energie","bundesinnenminister","antrag","natur","zimmermann","atomenergie","anlagen","grenzwerte","energiepolitik","risiken","grenzwerte","müssen","tonnen","handeln","feige","osteuropa","industrie","genehmigungsverfahren","coemissionen","jung","klausdieter","erneuerbaren","grill","atomenergie","windenergie","ausstieg","flächen","umweltbildung","ukraine","ökologisch","ökologische","müller","pfand","enquetekommission","hustedt","elbe","agentur","förderung","deutschland","erreichen","entwicklung","ausstieg","nachhaltige","bereich","deutschland","pro","klimawandel","industrie","hill","kohle","deutschland","tschernobyl","ziele","deutschland","krischer","standort","kilowattstunde","kohlekraftwerke","hendricks","bullingschröter","china","ministerin","kernenergie","strukturwandel","hambacher","industrie","kohle","grünen","nachhaltige","grünen","kernenergie"
"29","minuten","haus","herrn","abgeordneten","wort","erklärung","minuten","heute","wort","lesung","wort","bitten","gerstenmaier","fdpfraktion","sache","ruhestand","frage","mittleren","grossraum","erhöhung","hochhaus","konvention","bundestages","angehörigen","entschliessung","ämter","besoldungsneuregelung","beamtin","provision","innenminister","minister","gewässer","grundgesetzänderung","luft","schäfer","bund","nordrheinwestfalen","öffentlichen","besoldung","förderung","benzinbleigesetz","radioaktiver","krebserkrankungen","mittwoch","zwischenlager","heizölsteuer","kernkraftwerken","niedersachsen","hauff","energie","stahl","energie","abfallbeseitigung","niedersachsen","wolfgramm","laermann","anfrage","technologie","bundesregierung","industrie","schadstoffarmen","industrie","schulte","luft","natur","ausstieg","schnellen","schmidbauer","tempolimit","massnahmen","segall","abfallwirtschaft","ökologische","produktion","weltweit","bundesregierung","kernkraftwerke","erde","emissionen","ökoaudit","gorleben","rochlitz","angela","gorleben","ökologischen","lippold","umweltschutz","nachhaltige","ökologischen","coemissionen","paziorek","deutschland","regenerativen","umweltpolitik","verpackungsverordnung","rohstoffe","wirtschaft","ökologische","technologien","kohle","kosten","energieversorgung","energieeffizienz","klima","endlager","ökologischen","kelber","stadtwerke","konsens","euratom","förderung","pro","ziele","bullingschröter","lima","handwerkerbonus","ziel","arbeitsplätze","deutschland","arbeitsplätze","copreis","akzeptanz","kernenergie","erreichen","kernenergie","nord","erneuerbare","energiepolitik"
"30","ältestenrat","ehlers","abstimmung","finanzvorlagen","schneider","schneider","dp","punkt","wahlgang","hause","bundesversammlung","fraktionen","kollege","mittleren","vorigen","versorgungsempfänger","antrag","verwaltung","herr","brese","arbeitsräume","bundestag","schmittvockenhausen","besoldung","beamtenrechts","diplomatischen","aufwandsentschädigung","beurlaubung","bewährungsaufstieg","besoldungserhöhung","stellen","wagner","vereinheitlichung","umweltprogramms","olympischen","bundesgrenzschutz","dienstherrn","bundesländer","gebiet","waldes","bundesregierung","sporthilfe","öffentlichen","standort","landesregierung","laermann","kollege","technischen","neuer","technologiepolitik","nordrheinwestfalen","kommission","technischen","industrie","schäfer","reuschenbach","worden","schadstoffe","müssen","nutzung","umweltfreundlichen","entsorgung","verkehrssicherheit","chemiepolitik","damen","wald","energie","entsorgung","harries","lennartz","stoffe","sanierung","weltweit","erdatmosphäre","nutzung","dualen","bergleute","nutzung","schütz","biologischen","ausstieg","ökologisch","klimaschutz","nachhaltigkeit","nachhaltigen","ökologie","müller","liberalisierung","umweltschutz","klimaschutzpolitik","kernkraftwerke","nachhaltigkeitsstrategie","müller","reaktorsicherheit","allokationsplan","co","homburger","technologien","naturschutz","naturschutz","prozent","natur","konferenz","biokraftstoffe","kosten","gas","china","ausbau","energieeffizienz","kraftwerke","unternehmen","umlage","prozent","umwelt","energieversorgung","erneuerbare","jahr","klimaschutzplan","kernkraftwerke","ausbau","ministerin","pariser","strompreise","pariser","müssen","automobilindustrie","zukunft","arbeitsplätze"
"31","heute","herrn","stunde","drucksache","ältestenrat","bitten","erklärung","interfraktionellen","haus","gestern","cducsu","becker","erklärung","ausschuss","berufsbeamtentums","worden","mittleren","wagner","ruhestand","dm","sitz","bund","zeitpunkt","überleitung","besoldungsgruppe","stufe","bezüge","unteroffiziere","geschäftsführung","vermögenswirksame","aufgaben","innenausschuss","luft","rheins","spiele","kontrolle","bereich","vollkompetenz","entwurf","schutz","landesregierung","gerster","bevölkerung","risiken","uran","neuer","technologien","umwelt","grundlagenforschung","bau","luft","umweltschutz","lenzer","energieprogramms","bereich","sicherheitstechnischen","schäfer","ökologischen","automobilindustrie","energie","fahrzeuge","schadstoffe","wasser","betrieb","energieversorgung","wiederaufarbeitung","ökologischen","schutz","luft","müssen","vorsorge","natur","wismut","energie","sanierung","iwc","nutzung","homburger","rio","shell","anlagen","bodenschutzgesetz","greenpeace","umweltministerin","hirche","nachhaltige","japan","erneuerbarer","tonnen","umweltminister","ökologische","bullingschröter","technologien","irena","windenergie","homburger","energieeffizienz","endlager","mechanismen","gorleben","gas","energiegipfel","anteil","erreichen","nachhaltigkeit","ökologische","fell","erreichen","atomenergie","energieversorgung","atomkraft","prozent","naturschutz","markt","ausbau","ziele","co","energie","eva","klimaschutzplan","kohleverstromung","emissionshandel","strukturwandel","copreis","klima","emissionshandel","umwelt","russland"
"32","aussprache","überweisung","schneider","bundestag","schmid","wehrpflichtgesetz","jaeger","gesetze","mommer","fraktionen","beratung","abzugeben","kollegen","reiseandenken","hauses","besoldung","hinweisen","termin","ländern","bundestagsabgeordneten","bundestag","harmonisierung","wagner","einmütig","techniker","jahn","dpa","angestellte","warentest","abbau","personal","pensky","laufbahn","innenausschuss","arbeitsgruppe","berichte","bundeskriminalamtes","bundesgebiet","umweltbundesamtes","bau","wahlrechts","bund","innenausschusses","bürgerinitiativen","brennelemente","kernkraftwerken","technischen","industrie","chemikalien","chemische","kernkraftwerken","stavenhagen","stoffe","energiepolitischen","energie","betrieb","forschungsminister","anlagen","stoffe","auto","bundesinnenminister","buschhaus","baum","laufs","stade","nukem","see","lippold","auto","garbe","umweltpolitik","greifswald","atomenergie","internationalen","abfall","produktion","tonnen","energieversorgung","ökologischen","atomenergie","ökologisch","selbstverpflichtung","endlager","endlager","hustedt","umweltausschuss","kernkraftwerke","regenerativen","rio","jürgen","energiewende","umweltschutz","energieversorgung","subventionen","branche","wälder","öl","ökologischen","kelber","umweltminister","öl","kraftwerke","hill","energieeffizienz","ziele","kohle","umweltminister","erneuerbarer","gorleben","klimawandel","atomausstieg","asse","co","sigmar","klima","eeg","förderung","netze","euratomvertrag","mieterstromgesetz","görlitz","strukturwandel","klimaziele","ausbau","kohlekommission","pariser","setzen","fossile"
"33","fraktionen","bitte","woche","abstimmung","bundestag","haus","beantrage","abstimmen","geehrten","ausschuss","namens","mitglied","anhebung","lesung","tagewoche","entscheidung","versorgungsempfänger","innenausschuss","miessner","gscheidle","weihnachtsgeld","beamtengehälter","länder","bundestages","beförderung","besoldungsneuregelung","wagner","frau","schmittvockenhausen","freitag","freilassung","besoldung","liedtke","schäfer","bundesgrenzschutzgesetz","vereinheitlichung","naturschutzes","gesetzes","zollverwaltung","umwelt","technologie","gewässer","behindertensport","ausbau","riesenhuber","laufs","stahl","bundesimmissionsschutzgesetzes","technischen","energieverwendung","genehmigungsverfahren","frankreich","bereich","technologien","studie","energie","genehmigungsbehörde","luftreinhaltung","schäfer","grossfeuerungsanlagenverordnung","technologien","altanlagen","gewässer","umweltminister","stoffe","normalbenzin","ökologische","autos","schadstoffe","bundesumweltminister","energieversorgung","erdatmosphäre","ökologisch","bundesumweltminister","wasser","energie","energiewirtschaft","industrie","müller","müssen","nordsee","mehl","müller","reduktion","grenzwertüberschreitungen","nachhaltigkeitsstrategie","reaktoren","erneuerbare","klimaschutzpolitik","hustedt","industrie","kernenergie","umweltschutz","ökologische","co","paziorek","loske","band","dött","kraftstoffe","emissionshandel","weltweit","emissionen","co","nachhaltige","autos","klimawandel","sicherheit","atomkraftwerke","kelber","fell","versorgungssicherheit","chinesischen","wirtschaft","wirtschaft","jahr","technologien","umwelt","netzentgelte","ziele","ziele","industrie","grünen","strukturwandel","energieversorgung","ziele","pariser","klima"
"34","antrags","debatte","wahl","minuten","antrags","morgen","haus","bitte","namens","kollege","entschliessung","schmid","schmid","wort","deswegen","warentests","besoldungsänderungsgesetz","besoldungsgruppe","vorschlag","strukturellen","zuschriften","beamtenschaft","bundesrechnungshofs","tätig","bundesrechnungshofs","goetheinstitute","volksentscheid","verwaltung","ausschüsse","besoldungserhöhungen","bach","bund","ländern","beseitigung","länderpolizeien","umwelt","schneider","einheitliche","kuhlmann","bevölkerung","bund","sportbericht","forschungsbericht","betrieb","atomgesetzes","entsorgungszentrum","stavenhagen","fortschreibung","riesenhuber","hauff","energiepolitischen","einsetzung","kalkar","ausbau","duve","nutzung","börnsen","riesenhuber","schäden","autos","katalysator","grossversuch","umweltminister","grenzwerte","waldsterben","herren","reduzierung","biblis","bundesumweltminister","baum","ökologisch","massnahmen","klaus","abfälle","tonnen","kampeter","umweltminister","weltweit","gorleben","ministerin","energieversorgung","kreislaufwirtschaftsgesetz","bodenschutzgesetz","energie","rio","müller","steuerreform","bullingschröter","energieversorgung","bonn","deutschland","urwälder","jahren","handel","windkraft","nutzung","umweltminister","hustedt","anlage","loske","bundesminister","atomkraft","kelber","energieversorgung","rohstoffe","versteigerung","arbeitsplätze","atomenergie","atomausstieg","müssen","arbeitsplätze","ausstieg","asse","kohle","baerbock","energieversorgung","gabriel","kosten","technologien","brennelemente","umweltschutz","sonderausschreibungen","kohlekommission","preis","strukturwandel","energiepolitik","müssen","unternehmen"
"35","glaube","hauses","präsidenten","debatte","mitglieder","wehrpflicht","cducsu","punkte","beratung","rasner","zweiten","rechtsausschuss","ausschuss","kollegen","befinden","einfachen","spannungsverhältnis","angestellten","vertreter","beamtenverhältnis","sitzungen","rückstandes","wirtschaftlichkeit","bericht","antrag","tätigkeit","erhöhung","benda","tarifverhandlungen","staatssekretäre","innenministeriums","prinz","bund","abfall","beamte","rechtsgutachten","grundgesetzes","allgemeinheit","gehobenen","sportvereine","gebiet","haenschke","bundesregierung","technologien","energiepolitischen","radioaktiven","dezember","stahl","energiequellen","stoffen","umwelt","nordsee","energie","zwischenlagerung","reaktorlinien","gerstein","bereich","laufs","entsorgung","massnahmen","antrag","autobahnen","hönes","chemie","konsens","sandoz","verbot","luft","grenzwerte","natur","erdatmosphäre","technik","entsorgung","globalen","verpackungsverordnung","müll","atomenergie","ökologisch","bundesregierung","umweltschutzes","radioaktiven","novelle","atomenergie","ökologische","kontaminationen","tschernobyl","klimaschutzpolitik","atomausstieg","reaktorsicherheit","bundesregierung","müller","entwicklung","entwicklungsländern","erneuerbarer","novelle","energiepolitik","prozent","steinkohlenbergbau","energieversorgung","bereich","pinkwart","bullingschröter","weltweit","kernenergie","atommüll","irena","höhn","fell","atomkraft","china","technologien","ausnahmen","wirtschaft","kosten","fracking","kraftwärmekopplung","unternehmen","erdgas","prozent","barbara","energiepolitik","arbeitsplätze","eeg","erneuerbare","kommission","transformation","erreichen","nachhaltigkeit"
"36","bundestag","möchte","beantrage","beantrage","sonntagen","abend","beschlussunfähigkeit","morgen","bremerhaven","bundestages","uhr","haus","ausschusses","philipp","schoettle","strukturelle","beschäftigt","damen","illustrierten","beamtenrecht","weihnachtszuwendungen","vorschaltgesetz","besoldungsrechts","münzen","bundesbesoldungsgesetzes","staatsbürgern","anliegen","entwurf","staatssekretär","tübingen","freitag","bundesregierung","mineralölindustrie","frage","abfall","deutscher","umwelt","regelung","bundesregierung","stoffe","miltner","vereine","projekte","lenzer","kraftwerke","ausbau","parlament","wissenschaft","stavenhagen","chemischen","gebiet","förderung","projekte","empfehlungen","riesenhuber","stahl","forschungs","technischen","umweltschutzes","albrecht","technologie","bundesregierung","strassen","minister","grünen","abfall","technik","massnahmen","nordsee","schutz","wasser","weltweit","verpackungsverordnung","coemissionen","atomenergie","nutzung","bundesumweltminister","erneuerbaren","homburger","biologische","energie","naturschutzgesetz","zwischenlager","nachhaltigen","transporten","ökologisch","merkel","konsens","endlager","kubatschka","energie","kurtdieter","lippold","mehrweg","erneuerbareenergiengesetz","loske","ökosteuer","wirtschaft","emissionshandel","energieversorgung","co","klima","wälder","versorgungssicherheit","hill","kosten","naturschutz","netze","deutschland","nutzung","industriepolitik","umweltminister","chinesische","atomenergie","co","förderung","klima","ziele","ausstieg","co","marktwirtschaft","ausstoss","erdgas","müssen","anlagen","markt","transformation","klimawandel"
"37","morgen","schneider","punkt","mitglieder","beratung","bundestages","anträge","setzen","dp","preusker","heute","debatte","bitten","ladenschlussgesetzes","gebracht","beamtenschaft","iv","präsident","gründe","unabhängigkeit","mindestens","besoldungsrechtlicher","bundesvertriebenengesetzes","zulagen","beförderungen","dienstzeit","wuermeling","brück","ortsklasse","reisebeihilfen","zusatzfrage","bundesgrenzschutz","zulagen","kernkraftwerken","abfallbeseitigungsgesetz","gehaltenen","landes","gewässerschutz","wahlkreise","sportverbände","laermann","volksentscheide","schädlichkeit","energiepolitik","stavenhagen","bevölkerung","energiepolitischen","förderung","betrieb","bereich","kernkraftwerks","niedersachsen","abfälle","entscheidung","stavenhagen","wissenschaftler","anwendung","bundesrat","steger","schmidbauer","waldsterben","müssen","schutz","massnahmen","schäfer","chemie","müssen","energiepolitik","ökologische","heydemann","müssen","altlasten","technik","internationale","trinkwasser","klausdieter","kreislaufwirtschaftsgesetz","kreislaufwirtschaftsgesetz","umweltministerin","industrie","angela","böden","hustedt","landesregierung","bundesregierung","strom","atomausstieg","reaktorsicherheit","paziorek","umweltschutz","emissionshandel","kosten","förderung","verbraucher","instrument","wirtschaft","instrumente","fortschrittsbericht","investitionen","wirtschaft","energiepolitik","wärme","technologien","anlagen","energiepreise","industrie","nutzung","kwk","brauchen","kwk","branche","klimafonds","bundesumweltminister","ausgleichsregelung","braunkohle","versorgungssicherheit","strommarkt","ausschreibungen","industrie","industrie","gigawatt","windenergie","future","energieversorgung","windkraft","technologie","klimakrise","wirtschaftsminister"
"38","lesung","erklärung","nächste","bitte","fdp","kollegen","abgeordneten","beraten","präsidenten","einverstanden","kollegen","anfrage","glaube","untersuchung","ausdruck","ausschuss","brentano","höcherl","bundesländern","personenkreis","alternativlösungen","artikel","anhebung","petenten","höheren","zeit","rheinlandpfalz","angestellten","tierschutzgesetzes","gesetzentwurf","berufsunteroffiziere","minister","schäfer","verschmutzung","gehobenen","innenausschuss","bundesgrenzschutzes","naturschutzes","zuständigkeiten","kernkraftwerke","ländern","technik","förderung","laermann","mittwoch","technischen","grundlagenforschung","juli","landesregierung","gerstein","wissenschaft","öl","laufs","radioaktiver","kernkraftwerken","techniken","wirtschaftlichkeit","kernenergie","innenminister","hauff","massnahmen","energie","wald","katastrophe","pflanzenschutzmittel","landesregierung","gefahren","energieeinsparung","energiepolitik","anlage","treibhauseffekt","bernd","nutzung","massnahmen","emissionen","system","abfall","grünen","frau","brent","ökologischen","bodenschutz","naturschutzes","uldall","ökologisch","reinhard","laufs","stromerzeugung","strom","nachhaltige","erneuerbarer","klimapolitik","pfandpflicht","forstwirtschaft","technologien","nachwachsenden","gutachten","chemikalien","erneuerbare","müssen","strompreise","erneuerbarer","ccs","förderung","umweltminister","energiepolitik","erreichen","kopenhagen","umwelt","bundesumweltminister","jahr","erneuerbarer","klimawandel","wettbewerb","klimapolitik","paris","globalen","unternehmen","anlagen","eeg","erneuerbare","wirtschaft","ausbau","cobepreisung","deutschland","copreis","altmaier","winter"
"39","schäfer","schliesse","ehlers","plenum","interparlamentarischen","herrn","becker","gestern","aussenpolitischen","gesetzt","fraktionen","ladung","vorschlag","schmid","möchte","bundesinnenminister","präsident","gehobenen","bundesinnenminister","oktober","doktoranden","inneres","änderungsgesetz","pressereferenten","mai","herr","besoldung","beamtengruppen","köppler","zuwendung","besoldungsrückstand","stoffe","arbeitsgruppe","umweltbewusstsein","stoffe","entschliessungen","umweltprogramm","datenverarbeitung","bundesimmissionsschutzgesetz","kompetenz","rheinschutzkommission","umweltschutzes","umwelt","technische","niedersächsische","förderung","energieprogramms","anlagen","industrie","ausbau","forschungsgemeinschaft","genehmigungsverfahren","umsetzung","brüters","elbe","dring","projekt","technologien","baum","schäden","endlagerung","hauff","stand","chemische","plutonium","firma","energien","tschernobyl","massnahmen","ökologische","wismut","umweltminister","braband","enquetekommission","tschernobyl","duale","kohlerunde","chlorchemie","müssen","gorleben","wattenmeer","nachhaltige","hirche","garzweiler","kurtdieter","konsens","bundesumweltminister","energieträger","bundesregierung","ökologischen","bullingschröter","müller","reaktorsicherheit","klimaschutz","reaktorsicherheit","fell","flexiblen","erreichen","loske","gas","umweltschutz","industrie","versorgungssicherheit","asse","energiepolitik","biokraftstoffe","technologien","umweltminister","co","co","brauchen","stromsteuer","jahr","kernenergie","kraftwerke","steuerliche","fossilen","jahr","kosten","energieaussenpolitik","naturschutz","massnahmen","netzausbau","klimakrise","wasserstoffstrategie","kernenergie","kohle","klimakrise"
"40","nr","punkt","gestern","finanzvorlage","namens","heute","ausschuss","gesetz","aussprache","heute","nachholbedarfs","bühler","beamtengehälter","geschäfte","augenblick","kollege","beamte","tarifverhandlungen","vorschläge","bundestages","anfragen","änderungsgesetz","herr","ausschuss","ländern","gscheidle","kinderzuschläge","beamtenbesoldung","diäten","bundesminister","entführer","länder","innenausschusses","sofortprogramm","anforderung","gesetzentwürfe","verfassungsänderungen","daten","regelungen","sportausschuss","pensky","maihofer","lenzer","technischen","schäfer","niedersächsischen","projekt","dring","forschungs","technischen","forschungsförderung","laermann","weirich","zentren","boroffka","landesregierung","entwicklung","emissionen","bleifreien","betrieb","grossversuch","schulte","stoffen","schäfer","gorleben","endlager","schutz","strahlenschutz","tonnen","gorleben","klimakatastrophe","verwertung","schmidbauer","reduzierung","industrie","abfälle","strom","umweltpolitischen","energieträger","energiepolitik","energiepolitik","bundesregierung","grill","nationalen","energieversorgungsunternehmen","homburger","ökosteuer","kurtdieter","frankreich","energiepolitik","strom","eva","bereich","geoinformationen","strom","erneuerbarer","verbraucher","beirat","bundesminister","entwicklung","abfälle","technologien","minister","kwk","müssen","wälder","emissionen","brüderle","nutzung","umweltpolitik","markt","deutschland","kohle","fuchs","energiepolitik","gas","krischer","atomkraft","konzerne","baerbock","kernenergie","photovoltaik","prozent","brauchen","technologien","erreichen","politik","kernkraftwerke"
"41","erklärung","spd","gerstenmaier","aussprache","ausschusses","regierungskoalition","fdp","wort","ausschuss","vorlage","beraten","beratungen","wurde","tarifklasse","entschliessung","gewährung","bund","bund","verbesserung","bundestagspräsident","bürohauses","berufssoldaten","stellenpläne","höheren","selbstschutzes","ministerien","linearen","pick","besetzen","chemischen","guatemaltekischen","verschmutzung","becker","minister","gesetz","innenausschusses","aufgaben","gebiet","maihofer","öffentlichen","umweltpolitik","friedliche","bundes","friedlichen","spies","riesenhuber","riesenhuber","harrisburg","fortschreibung","stavenhagen","schleswigholstein","fortschreibung","arbeitswelt","übereinkommen","förderung","studien","internationalen","abgabe","bereits","umweltfreundliche","umweltschutzes","ökologischen","bundesregierung","inbetriebnahme","herren","sicherheit","trinkwasser","daniels","atomenergie","luft","energiequellen","entsorgung","sanierung","co","verwertung","schutz","stoffe","müller","ausstieg","ökologisch","schütz","stoffe","york","müller","lippold","nachhaltigen","technik","nachhaltigkeitsstrategie","erneuerbare","lenkungswirkung","zwischenlager","strategie","novelle","wirtschaft","umweltschutz","prozent","grill","prozent","anteil","reinhard","industrie","kohlekraftwerke","klimapolitik","kosten","gas","klimawandels","ziel","co","moratorium","technologien","cent","wettbewerb","eegumlage","brauchen","ziel","eva","bundesregierung","niedersachsen","kernenergie","lingen","grünen","energiepolitik","umwelt","energiepolitik","wärme","eegumlage","eegumlage","cent"
"42","darf","fdp","krone","namens","berufe","abzulehnen","vizepräsidenten","schmid","partei","kollegen","präsidenten","ältestenrat","bausch","beamtengehälter","befassen","bundesbeamten","zahlung","april","ausschuss","beamtenbesoldung","mitbürgern","petentin","frank","konvention","philologen","innenausschuss","grundgesetzes","beamtenverhältnis","verbesserungen","rösing","gefangenen","berger","kraftstoff","aufgaben","grundgesetzes","liedtke","einheitliche","umweltprogramm","stoffe","gebiet","sicherheitsprogramm","friedlichen","länder","bundesminister","pro","wiederaufarbeitung","genehmigungsverfahren","umweltschutzes","umweltschutz","forschungsförderung","hamburger","lenzer","strahlenbelastung","steinkohle","fortschreibung","wissenschaft","wolfgramm","natur","hartenstein","schwefeldioxid","umweltfreundliche","schmidbauer","massnahmen","tonnen","autobahnen","chemische","hartenstein","pvc","autos","daniels","bundesumweltminister","ökologisch","verwertung","entsorgung","braunkohle","hoechst","energiekonsens","mehr","temelin","kuhlwein","natur","umweltministerin","endlagerung","energiepolitik","ziele","atomausstieg","natur","kernkraftwerken","loske","reaktorsicherheit","förderung","markt","entwicklung","fossilen","erneuerbarer","arbeitsplätze","strom","wälder","kraftwerke","technologien","biokraftstoffe","bereich","fell","preise","kraftwerke","wald","förderung","marktanreizprogramm","kauch","atomausstieg","iter","energieintensiven","industriepolitik","verbraucher","bullingschröter","climate","klimapolitik","atomausstieg","rückbau","kosten","unternehmen","klimaschutzgesetz","deutschland","nord","technologie","ausstieg","marktwirtschaft","klimapolitik"
"43","bundestages","hause","möchte","sozialdemokratischen","beraten","punkt","weihnachten","bundestag","fahren","plenum","beschliessen","namens","cducsu","verkaufsoffenen","schmid","lesung","grundgesetzes","petenten","bundestages","wagner","februar","strukturelle","einheitliche","geprägt","bundesrechnungshof","lebensjahr","baden","flugsicherungsbeamten","petitionsausschusses","dorn","verwaltung","gehobenen","autoabgase","schon","kompetenz","dienstes","internationalen","umwelteinwirkungen","technische","sportbund","bleigehalt","standorte","nachsorge","energieverbrauch","gerstein","bundesminister","teilerrichtungsgenehmigung","forschungs","bevölkerung","luft","anlagen","energien","anlagen","laermann","inbetriebnahme","wolfgramm","forschungspolitik","müssen","laufs","waldschäden","biotechnologie","wiederaufarbeitung","autobahnen","baum","baum","energieversorgung","daniels","erdatmosphäre","anlagen","vermeidung","vernichtung","luft","erde","unced","müssen","verordnung","ausstieg","berger","konferenz","hustedt","altlasten","novellierung","wälder","transporte","gewusst","transporte","memorandum","ökologisch","klimaschutzprogramm","novelle","atomkraft","ökosteuer","minister","rücknahmesystem","verbraucher","coemissionen","stoffe","kosten","atomkraftwerke","weltweit","kauch","sigmar","kosten","stromerzeugung","ausstieg","natur","atomkraftwerke","klimawandel","technologie","ressourcen","hempelmann","herr","energieversorgung","baerbock","jahr","energiepolitik","umweltministerin","barbara","umwelt","weisgerber","klimaschutzplan","anteil","klimaschutzgesetz","massnahmen","solarenergie","kohle","klimaneutral","osterpaket"
"44","hause","namens","bundestag","beraten","bhe","präsidenten","kollegen","verabschiedet","abstimmung","nächste","abstimmung","meinung","stoltenberg","anträge","forstwirtschaftliche","beamte","dorn","ortszuschlag","widersprechen","zusammentreffen","herren","gewährung","amt","spiele","anforderungen","umwandlung","vierte","fdpentwurf","neuen","günzburg","daueraufenthalt","reinhaltung","abfallstoffe","polizei","innenministerkonferenz","sommerpause","bundesregierung","wassergefährdender","wahlrecht","sportbundes","forschung","baum","innern","kempen","fortschreibung","abfälle","energieprogramm","ta","wissenschaft","chemikalien","förderung","dring","studien","bau","gewässerschutzes","schneller","forschungsförderung","schäfer","laermann","anlagen","nutzung","nutzung","wasserhaushaltsgesetz","energiebericht","hessische","anlagen","altlasten","herren","bundesregierung","schäfer","industrie","katastrophe","abfall","abfall","wälder","abfallwirtschaft","kernkraftwerken","natur","hustedt","spar","frau","marion","kernkraftwerke","umweltpolitischen","birgit","natur","emissionen","lippold","bundesumweltminister","atomausstieg","kurtdieter","coemissionen","arbeitsplätze","nachhaltigen","homburger","erneuerbareenergiengesetz","konrad","strom","tonnen","ziel","zertifikate","anteil","reaktorsicherheit","kauch","coausstoss","weltweit","entwicklungsländer","biomethan","erneuerbarer","ziel","krischer","rückholung","kernenergie","erfolg","aktionsprogramm","klima","eva","baerbock","unternehmen","klimawandel","subventionen","wind","klimapolitik","umwelt","kohleverstromung","coemissionen","prozent","energiepreisen"
"45","bayernpartei","antrages","bitten","fdp","beantrage","beratungen","herrn","kollegen","drucksache","eingebracht","plenum","bundestagsfraktion","schoettle","änderungsantrag","litera","wort","bundes","arbeiter","januar","bundesinnenminister","raum","strukturellen","ministerialdirigent","petitionsausschusses","innerhalb","beamtenrechtlichen","herr","ländern","petitionen","wörner","rebellen","innenministerkonferenz","bundeskriminalamt","abwässer","unterstützung","erforderlichen","rheins","merk","sicherheitsprogramm","standorte","stufe","betrieb","ländern","sicherheit","anlagen","niedersächsische","forschungsförderung","energieversorgung","kernkraftwerk","wissenschaftlichen","cadmium","brüter","reaktor","probst","anfrage","riesenhuber","neuer","schwefelabgabe","nordrheinwestfalen","baum","brüter","kraftwerk","tonnen","hönes","chemischen","laufs","sicherheit","asbest","ökologisch","verbrannt","brauchen","jutta","energieeinsparung","natur","entsorgung","verpackungen","wald","energieträger","coenergiesteuer","umweltministerin","heidecke","naturschutzes","la","ausstieg","naturschutzes","bundesumweltminister","atomkraftwerke","markt","töpfer","industrie","nachhaltigkeit","konferenz","ziel","kosten","kiotoprotokolls","energiewirtschaft","chemikalien","bergbau","atomkraft","cent","millionen","biologischen","industrie","fell","automobilindustrie","fossilen","asse","ausstieg","technologien","gebäudesanierung","netz","kelber","deutschland","klimapolitik","gebäudesanierung","energetischen","abfälle","versorgungssicherheit","umweltministerin","konrad","klimaschutzziele","eeg","sektoren","windkraft","kohleausstiegsgesetz","industriepolitik","green","atomkraft"
"46","bundestags","namentliche","hause","petersen","abgeordneten","hause","namens","haushaltsausschuss","rasner","bremerhaven","horn","plenum","preusker","bezüge","beklagenswert","november","fraktionen","lesung","besoldungspolitik","beamtenrechtlicher","fürsorge","arbeitszeit","besoldungsgesetze","insbesondere","hinblick","boten","zweiten","beamtenschaft","beim","einstweiligen","pensky","aufgaben","sofortprogramm","abfallbeseitigungsgesetz","landes","regelungen","waffen","minister","bericht","umweltschutzes","umwelt","kerntechnischer","internationalen","kraftwerke","teilerrichtungsgenehmigung","schnellen","steger","umweltpolitik","energieträger","neuer","schleswigholsteinischen","kooperation","grundlagenforschung","kernkraftwerk","finanzierung","umweltschutzes","wissenschaft","notprogramm","kernenergie","wasser","ökologische","damen","katastrophe","freitag","aussteigen","benzin","innenräumen","ozonschicht","knabe","schütz","erde","nutzung","müssen","energien","reaktoren","wieczorek","artikelgesetz","stoffe","ministerin","energieversorgung","kernkraftwerke","rio","coemissionen","emissionen","mochovce","kurtdieter","gas","windenergie","gutachten","nachhaltigkeitsstrategie","kiotoprotokoll","naturschutz","gas","ökonomische","dosenpfand","ökologische","ökologisch","generationen","gorleben","klimawandel","allokationsplan","kauch","automobilindustrie","ziele","coemissionen","gabriel","müssen","biblis","katastrophe","förderung","umweltminister","brauchen","endlagersuche","ausstieg","netzentgelte","wirtschaft","dezember","kohle","hubertus","wirtschaft","massnahmen","windkraftanlagen","arbeitsplätze","zukunft","nachhaltige","anlagen","neue","atomkraftwerke"
"47","debatte","überweisen","namens","präsidenten","absetzung","bremerhaven","cducsufraktion","grundgesetzes","geschlossen","berufe","bundesinnenminister","ausdrücklich","zweiten","namens","vorzulegen","vorlage","wiederum","dienstposten","ausschusses","innenausschusses","haus","materielle","schlussgesetzgebung","arbeitsgruppe","beratungen","bundesbeamtengesetzes","gscheidle","gruppen","berufsbeamtentums","ministerialdirektoren","ergänzungshaushalts","gruhl","chemischen","abfällen","polizeivollzugsbeamten","bestimmung","ruhestand","innenausschuss","bundesgrenzschutzes","standort","errichtung","sportkonferenz","technologiepolitik","hubrig","genehmigungsverfahren","energiepolitischen","technisch","gebaut","strahlenbelastung","stockleben","gorleben","anlagen","endlager","endlager","sonnenenergie","akzeptiert","technische","beim","kohle","abfälle","alleingang","arbeitsplätze","energie","energieversorgung","heimische","damen","gutachten","montrealer","asbest","emissionen","pro","abfall","international","bundesrepublik","stoffe","entsorgung","grenzwerte","energiesteuer","konsens","tonnen","ulrich","birgit","new","bullingschröter","entwicklung","steuerreform","deutschland","hirche","entsorgungskonzept","merkel","novelle","kohle","letzten","härtefallregelung","tonnen","nationale","förderung","holz","unverantwortlich","minister","deutschland","kraftwärmekopplung","bereich","natur","ökologische","nachhaltigen","kraftwerke","biomasse","anlagen","wirtschaft","gigawatt","arbeitsplätze","technologien","heil","markt","erdgas","dekarbonisierung","gas","atommüll","reaktorsicherheit","prozent","energieversorgung","wirtschaft","sektoren","wind","energieversorgung","welt","erneuerbarer"
"48","überweisung","berufe","zweiten","ausschuss","stücklen","abgeordneten","kohlendebatte","woche","mende","mitglieder","schellenberg","beratung","matzner","darf","meinung","iv","lehrerbesoldung","lohn","vorgenommen","beamtenschaft","ausschüsse","abgeordnete","bundesverfassungsgerichts","vierten","zulagen","vervielfältiger","innern","wagner","ortsklassenverzeichnisses","beamtenrechts","bundesministers","niederländischen","länder","dienst","massnahmen","beamten","film","evers","internationale","bundesländern","neugliederung","grundgesetzes","dring","genehmigungsverfahren","unternehmen","einsatz","wissenschaft","gorleben","frage","projekte","energieprogramms","energiepolitischen","umwelt","wissenschaftlichen","technischen","vorrang","sbk","autos","nordsee","bundesinnenminister","bleifreies","fahrzeuge","landesregierung","kraftwerk","entsorgung","luft","nutzung","ostsee","emissionen","tschernobyl","tschernobyl","schutz","harald","lippold","strom","kernenergie","energiemix","stoffen","evus","versenkung","diuron","klinkert","lippold","homburger","morsleben","kernkraftwerken","bullingschröter","merkel","emissionen","verpackungsverordnung","klimaschutzpolitik","klimaschutzpolitik","homburger","cent","umweltminister","ökologischen","reduzieren","dött","beispielsweise","kauch","nutzung","braunkohle","ausstieg","coausstoss","bundesumweltminister","ökostrom","markt","rwe","kelber","reaktorsicherheit","zubau","photovoltaik","ott","energieintensiven","fossilen","erdgasförderung","arbeitsplätze","verlinden","ausbau","erneuerbare","versorgungssicherheit","kommission","erreichen","versorgungssicherheit","umwelt","elektromobilität","china","atomenergie"
"49","sache","präsidenten","beratung","kollegen","hause","mehrheit","präsidenten","unterbrechen","becker","antrags","aussprache","gestaut","cducsufraktion","sonnabenden","novelle","abgeordnete","ortszuschlag","stellenpläne","kommt","vorstand","oktober","gesetz","senatspräsidenten","iv","beamtenbesoldung","goetheinstitut","volksbegehren","personenkreis","art","richterbesoldung","ressorts","laufbahn","nienberge","verwaltung","dienstes","bedeutung","umweltpolitik","bundesregierung","polizeien","kernkraftwerk","gewerkschaft","land","sowie","niedersachsen","hauff","probst","forschungspolitik","kernkraftwerken","ministerpräsident","abwasserabgabengesetz","projekte","antrag","ergebnisse","energieversorgung","frankreich","lärmforschung","dring","nordrheinwestfalen","benzins","luftverschmutzung","innenminister","einführung","grenzwerte","ministerpräsident","atrazin","verordnung","snr","wiederaufarbeitung","katalysator","konferenz","erneuerbarer","stoffen","strom","elektrofahrzeuge","energiepolitik","grünen","dagmar","instrumente","tschernobyl","arten","hustedt","produktverantwortung","agenda","windenergie","schönberger","energieverbrauch","reinhard","deutschland","instrument","bundesumweltminister","loske","ökonomie","tonnen","entwicklungsländern","ökologische","chemikalien","versorgungssicherheit","kohle","ökosteuer","versorgungssicherheit","eeg","kelber","eeg","kohlekraftwerke","anteil","strategie","coemissionen","industrie","cancún","klima","japan","müssen","bullingschröter","braunkohle","coausstoss","strukturwandel","kohlekraftwerke","fossilen","barbara","verpackungsgesetz","aussteigen","klimaschutzziele","nachhaltigkeit","markt","akzeptanz","coausstoss","kosten","erreichen"
"50","ausschüsse","dp","antrags","überwiesen","plenum","augenblick","morgen","vereinbarungen","behandlung","bitte","stunde","sprechen","minuten","vier","bundesbeamtengesetzes","vorstand","spannungsverhältnisses","bundesinnenminister","verfassungsrechtlich","versorgungsbezüge","vorlage","innern","amtes","ministerien","bundesbehörden","bewertung","beamtengruppen","richterinnen","bundestagsvorstand","beamtengehälter","amt","gesetzgebungskompetenz","zulage","innenminister","minister","teil","einstweiligen","wasser","errichtung","olympischen","übereinkommens","ländern","land","sonnenenergie","reaktorsicherheitskommission","anlagen","landesregierung","niedersächsische","kohleveredelung","forschungspolitik","umweltpolitik","kernkraftwerk","wissenschaftlichen","wolfgramm","benecke","forschungs","bülow","schwefeldioxid","boden","ministerpräsident","damen","umweltschutzes","lebensgrundlagen","unfall","chemie","plutonium","produktion","enquetekommission","abfall","energieeinsparung","offenbach","energieeinsparung","jutta","paul","dsd","chemischen","bundesregierung","offenbach","massnahmen","naturschutzes","anzeigeverfahren","autos","klinkert","ökologischen","konrad","nationalen","tokaimura","bundesregierung","konferenz","kiotoprotokoll","reaktorsicherheit","strom","industrie","arbeitsplätze","anteil","nachhaltigkeitsstrategie","chemiepolitik","nachhaltigkeitsstrategie","windenergie","biokraftstoffen","endlagerung","arten","wärme","technologien","energieversorgung","müssen","anteil","norbert","laufzeiten","kernfusion","kilowattstunde","preise","arbeitsplätze","china","paris","technologie","china","erdgasförderung","klimawandel","naturschutz","unsere","windenergieanlagen","eegumlage","wald","verehrten","unternehmen","klimaziel","kosten"
