"","1953-07-29","1954-04-30","1954-11-19","1955-06-23","1956-01-20","1956-07-07","1957-03-15","1957-08-29","1958-05-09","1958-11-27","1959-06-25","1960-01-27","1960-07-01","1961-03-17","1961-08-22","1962-05-11","1962-12-07","1963-06-28","1964-01-24","1964-07-29","1965-03-19","1965-07-23","1966-05-06","1966-12-08","1967-06-30","1968-01-26","1968-06-28","1969-03-21","1969-07-03","1970-03-20","1970-07-11","1971-02-12","1971-07-19","1971-12-17","1972-06-23","1972-09-22","1973-06-20","1974-01-25","1974-07-25","1975-03-21","1975-10-17","1976-05-14","1976-12-08","1977-06-24","1978-01-20","1978-06-23","1979-02-16","1979-09-21","1980-03-21","1980-07-04","1981-02-20","1981-06-26","1981-11-12","1982-03-12","1982-06-25","1982-11-12","1983-01-20","1983-10-14","1984-05-04","1984-11-16","1985-06-14","1985-12-13","1986-06-27","1986-12-11","1987-09-02","1988-03-11","1988-09-30","1989-04-26","1989-11-09","1990-05-31","1990-11-22","1991-06-21","1992-01-24","1992-07-22","1993-03-05","1993-09-24","1994-04-15","1994-09-21","1995-06-02","1995-12-08","1996-07-09","1997-01-31","1997-08-05","1998-03-27","1998-10-16","1999-05-07","1999-12-03","2000-07-07","2001-01-26","2001-07-06","2002-03-21","2002-09-13","2003-03-20","2003-07-04","2004-01-16","2004-07-02","2004-12-03","2005-05-12","2005-09-28","2006-05-11","2006-12-01","2007-07-06","2008-01-25","2008-06-27","2009-03-27","2009-09-08","2010-05-21","2010-12-15","2011-07-08","2012-01-27","2012-07-19","2013-03-22","2013-09-03","2014-05-09","2014-12-05","2015-07-03","2016-01-29","2016-07-08","2017-03-24","2017-09-05","2018-05-18","2018-12-14","2019-06-28","2020-01-31","2020-08-07","2021-03-26","2021-09-07","2022-06-03"
"1","lastenausgleich","vertriebenen","vertriebenen","vertriebenen","flüchtlinge","vertriebenen","geschädigten","kather","staatsvertrag","vertriebenen","schiffe","schuldscheindarlehen","flüchtlinge","reichsbank","flüchtlinge","unterhaltshilfe","flüchtlinge","flüchtlinge","wiedergutmachung","entschädigung","flüchtlinge","novelle","flüchtlinge","novelle","novelle","novelle","novelle","the","novelle","eid","innerdeutsche","innerdeutsche","innerdeutsche","innerdeutsche","unterhaltshilfe","herold","innerdeutsche","heizöl","ag","kernenergie","energieprogramm","kernenergie","forschung","kernenergie","kernenergie","energiepolitik","kernenergie","kernenergie","kernenergie","kernenergie","kernenergie","kernenergie","technologie","kernenergie","stahl","kommission","snr","umweltschutz","umweltschutz","buschhaus","umwelt","kernenergie","umweltschutz","wallmann","kernenergie","töpfer","töpfer","töpfer","töpfer","töpfer","umwelt","umwelt","töpfer","rio","umwelt","umwelt","töpfer","umwelt","merkel","naturschutz","umwelt","naturschutz","umwelt","merkel","merkel","umweltpolitik","trittin","energien","klimaschutz","trittin","energien","energien","energien","energien","energien","energien","energien","energien","energien","energien","energien","energien","klimaschutz","energien","klimaschutz","energien","energien","energien","energien","energien","energiewende","energien","energiewende","energiewende","energien","energiewende","klimaschutz","energiewende","klimaschutz","energiewende","klimaschutz","co","co","klimaschutz","klimaschutz","klimaschutz","klimaschutz","energien"
"2","vertriebenen","eingliederung","eingliederung","eingliederung","ansprüche","sowjetzonenflüchtlinge","hauptentschädigung","geschädigten","schuldner","beweissicherung","vertriebenen","wochenschau","reichsbank","vertriebenen","novelle","rehs","entschädigung","zone","unterhaltshilfe","flüchtlinge","vertriebene","wiedergutmachung","vertriebenen","flüchtlinge","flüchtlinge","griechenland","flüchtlinge","flüchtlinge","flüchtlinge","vertriebenen","beziehungen","flüchtlinge","ddr","flüchtlinge","fircks","innerdeutsche","flüchtlinge","friderichs","gesellschaften","energieversorgung","kohle","kohle","technologie","energiepolitik","energiepolitik","forschung","energiepolitik","kohle","kohle","kohle","kohle","enquetekommission","stahl","entsorgung","enquetekommission","kohle","technologie","wald","umwelt","umweltschutz","umweltschutz","benzin","luft","kernenergie","umweltschutz","kernenergie","umwelt","umwelt","umwelt","umwelt","wälder","töpfer","umwelt","umwelt","töpfer","rio","umwelt","töpfer","umwelt","umwelt","reaktorsicherheit","umwelt","naturschutz","umweltpolitik","naturschutz","umwelt","umwelt","kernenergie","trittin","naturschutz","naturschutz","klimaschutz","umweltpolitik","naturschutz","erneuerbaren","erneuerbaren","umweltpolitik","klimaschutz","erneuerbaren","erneuerbaren","gabriel","klimaschutz","energien","klimaschutz","energien","klimaschutz","erneuerbaren","erneuerbaren","erneuerbaren","erneuerbaren","energien","energiewende","klimaschutz","energien","klimaschutz","energien","energien","erneuerbaren","klimaschutzplan","energien","co","energiewende","klimaschutz","co","erneuerbaren","energien","energien","erneuerbaren"
"3","vermögen","heimatvertriebenen","heimatvertriebenen","flüchtlinge","verbrieften","heimatvertriebenen","lastenausgleichsbank","entschädigung","österreichischen","flüchtlinge","bundesfinanzhofs","börsenumsatzsteuer","häftlinge","flüchtlinge","hauptentschädigung","vertriebenen","rutschke","vertriebenen","novelle","unterhaltshilfe","kriegsgeschädigte","flüchtlinge","gleichstellung","entschädigung","vertriebene","entschädigung","griechenland","entschädigung","häftlinge","novelle","herold","beziehungen","beziehungen","unterhaltshilfe","ddr","beziehungen","erleichterungen","kohle","wirtschaft","kohle","technologie","energie","forschungspolitik","forschung","kohle","fortschreibung","fortschreibung","energiepolitik","energiepolitik","energiepolitik","energiepolitik","fernwärme","energieforschung","energiepolitik","technologie","snr","enquetekommission","waldsterben","forschung","wald","autos","tempolimit","umwelt","tschernobyl","tschernobyl","umwelt","kernenergie","kernenergie","umweltpolitik","anlagen","umweltschutz","tschernobyl","kernenergie","ostsee","naturschutz","töpfer","morsleben","umweltpolitik","reaktorsicherheit","merkel","naturschutz","merkel","merkel","naturschutz","umwelt","ausstieg","ukraine","ausstieg","energien","transporte","energiepolitik","energiepolitik","umwelt","novelle","eeg","emissionshandel","klimaschutz","erneuerbaren","klimaschutz","umweltpolitik","erneuerbaren","erneuerbaren","gabriel","erneuerbaren","asse","erneuerbaren","klimaschutz","energiekonzept","kernenergie","röttgen","erneuerbaren","erneuerbaren","energien","erneuerbaren","energiewende","klimaschutz","erneuerbaren","energien","energiewende","klimaschutz","energiewende","klimaschutz","energiewende","energien","energien","erneuerbaren","klimaschutzgesetz","gas"
"4","heimatvertriebenen","entschädigung","sowjetzonenflüchtlinge","vertriebene","verbindlichkeiten","eingliederung","vertriebenen","kunze","vertriebenen","sowjetzonenflüchtlinge","eingliederung","dehler","vertriebenen","hauptentschädigung","unterhaltshilfe","vertriebene","lastenausgleich","vertriebene","flüchtlinge","ansprüche","vertriebenen","entschädigung","novelle","niekisch","kriegsgeschädigte","flüchtlinge","heimatvertriebenen","of","entschädigung","schwöre","barm","novelle","schwarzarbeit","petitionen","kriegsschadensrente","entlang","vertriebenen","energieprogramm","preise","energieprogramm","fortschreibung","tonnen","energie","energie","energie","kernenergie","wolfram","energie","energie","forschung","laermann","energiepolitik","forschung","enquetekommission","forschung","kohlepolitik","forschung","umwelt","technik","umwelt","umweltpolitik","umweltschutz","kernenergie","umwelt","umwelt","umweltpolitik","umweltpolitik","umweltpolitik","umweltschutz","reaktorsicherheit","tropischen","kernenergie","reaktorsicherheit","töpfer","umweltschutz","verpackungsverordnung","kernenergie","enquetekommission","kernenergie","umweltschutz","merkel","reaktorsicherheit","kernenergie","umwelt","bundesministerin","trittin","umweltpolitik","erneuerbaren","umweltpolitik","klimaschutz","umweltpolitik","trittin","erneuerbaren","erneuerbaren","klimaschutz","klimaschutz","erneuerbaren","steinkohle","kernenergie","energiepolitik","umwelt","emissionshandel","erneuerbaren","strom","gabriel","strom","kopenhagen","laufzeitverlängerung","japan","energiewende","röttgen","altmaier","altmaier","eeg","erneuerbaren","erneuerbaren","paris","fracking","energien","erneuerbaren","energien","erneuerbaren","erneuerbaren","erneuerbaren","energiewende","energiewende","erneuerbaren","klimaschutz"
"5","dm","vertriebene","vertriebene","sowjetzonenflüchtlinge","gläubiger","flüchtlinge","leistungen","lastenausgleich","scherpenberg","entschädigung","flüchtlinge","februar","anteilseigner","novelle","geschädigten","flüchtlinge","bundesbank","korspeter","hirsch","schäden","gleichstellung","hauptentschädigung","entschädigung","reserven","vertriebenen","hassel","vertriebenen","and","rutschke","helfe","guatemala","vertriebenen","lastenausgleichs","aufbaudarlehen","lastenausgleichsgesetz","schüsse","ddr","energieversorgung","energieversorgung","energie","energiepolitik","energiepolitik","kernenergie","kernkraftwerke","forschung","energie","brüter","forschung","nutzung","nutzung","ministerpräsident","riesenhuber","kernenergie","abfälle","schnellen","brüter","lenzer","luft","technologie","kernenergie","auto","umwelt","tschernobyl","cattenom","wallmann","industrie","tschernobyl","reaktorsicherheit","kernenergie","nordsee","enquetekommission","schmidbauer","schäfer","industrieländer","feige","naturschutz","abfälle","feige","umweltpolitik","reaktorsicherheit","tschernobyl","umweltschutz","gorleben","umweltschutz","reaktorsicherheit","kernenergie","naturschutz","energiepolitik","umwelt","gorleben","kernenergie","johannesburg","trittin","verpackungsverordnung","trittin","trittin","trittin","trittin","sellafield","klimaschutz","naturschutz","klimawandel","bali","kraftwärmekopplung","erneuerbaren","energie","röttgen","röttgen","erneuerbare","klimaschutz","strom","eegumlage","erneuerbaren","klimaschutz","energieeffizienz","fracking","energiewende","klimaschutz","erneuerbaren","mieterstrom","erneuerbaren","energien","energien","wasserstoff","wasserstoff","wasserstoff","klimapolitik","ausbau"
"6","geschädigten","bank","lastenausgleich","heimatvertriebenen","schäden","oberländer","vertriebene","novelle","van","ansprüche","rehs","kapitalverkehrsteuergesetzes","vertriebene","anteilseigner","vertriebenen","kriegsgeschädigte","lastenausgleichsgesetz","gleichstellung","verfolgten","regierungsentwurf","heimatvertriebenen","schäden","zirisan","gradl","rehs","griechischen","gleichstellung","vertriebene","kriegsgefangenen","wahr","ddr","gleichstellung","herold","herold","verplombung","plakat","athen","mengen","energie","russe","wolfram","steinkohle","laermann","technologie","kernkraftwerke","kohle","ausgleichsabgabe","ministerpräsident","kernkraftwerke","umweltpolitik","brokdorf","kernkraftwerke","forschungs","fortschreibung","kernenergie","inbetriebnahme","riesenhuber","späth","waldsterben","umweltpolitik","zimmermann","luft","umweltpolitik","umweltschutz","hauff","umweltminister","brüter","naturschutz","fckw","abfälle","kernenergie","naturschutz","energiepolitik","konferenz","umweltpolitik","dsd","verwertung","naturschutz","naturschutz","morsleben","kernenergie","umweltpolitik","reaktorsicherheit","bundesministerin","umweltpolitik","naturschutz","kernenergie","trittin","haag","kernenergie","klimaschutz","nachhaltigkeit","ökologischen","wälder","emissionshandel","eeg","energiepolitik","umwelt","energiepolitik","gabriel","reaktorsicherheit","gabriel","prozent","energie","strom","biogas","prozent","erneuerbare","energiekonzept","energieeffizienz","energieeffizienz","strom","gorleben","strom","eeg","kwk","strom","strom","marrakesch","strom","erreichen","klimawandel","gas","energiewende","eeg","strom","strom","energie"
"7","gesetz","vermögen","lastenausgleichsgesetzes","oberländer","umstellung","vertriebene","unterhaltshilfe","vertriebenen","eingliederung","leistungen","heimatvertriebenen","bundesbank","kriegsgeschädigte","geschädigten","reichsbank","lastenausgleichsgesetz","nutzungsentschädigung","flüchtlingen","entschädigung","weber","entschädigung","unterhaltshilfe","auslandsvertretungen","vertriebenen","aschaffenburg","vertriebenen","sowjetzonenflüchtlinge","that","schäden","gott","vermögen","fircks","petitionen","ddr","unterhaltshilfeempfänger","handle","runft","mineralölwirtschaft","mineralölgesellschaften","steinkohle","kernenergie","russe","lenzer","nutzung","energiepolitischen","forschungs","technologie","grundlagenforschung","steinkohle","laermann","niedersachsen","empfehlungen","gutachten","gorleben","brüter","steinkohle","steger","bundesinnenminister","wald","luft","benzin","technik","technik","brokdorf","naturschutz","entsorgung","umweltschutz","energien","umweltminister","naturschutz","töpfer","reaktorsicherheit","energieversorgung","naturschutz","reaktorsicherheit","feige","entsorgung","ökologische","umweltschutz","umweltpolitik","bundesministerin","bundesministerin","bundesministerin","kioto","kernenergie","energien","klimaschutz","grill","naturschutz","umwelt","trittin","umweltpolitik","ökologische","ökologisch","energiepolitik","industrie","umwelt","energie","trittin","umwelt","klimaschutz","prozent","erneuerbare","prozent","energie","erneuerbare","fotovoltaik","klimaschutz","strom","energie","photovoltaik","eeg","emissionshandel","industrie","kohle","gabriel","hendricks","eeg","endlager","kohle","sektoren","strom","strom","strom","strom","energie","industrie","strom"
"8","entschädigung","flüchtlinge","entschädigung","geschädigten","kriegsgeschädigte","kather","flüchtlinge","hauptentschädigung","privateigentums","lastenausgleich","stillegung","finanzausschuss","ehemaligen","rehs","zone","mischnick","frau","heimatvertriebenen","vertriebene","hirsch","stiftung","geschädigten","schäden","lastenausgleich","heimatvertriebenen","mick","leistungen","kriegsgeschädigte","vertriebenen","bundesminister","flüchtlinge","lastenausgleichsgesetzes","fircks","beziehungen","flüchtlinge","bahr","fräulein","november","sowjetunion","wolfram","forschung","nutzung","technologien","kohle","technologie","energieversorgung","kohle","öl","forschung","öl","energieversorgung","programm","kernkraftwerke","kernkraftwerke","thtr","kernenergie","inbetriebnahme","technik","ökologischen","kohle","tempolimit","umweltpolitik","ta","umweltpolitik","hessen","umweltschutz","reaktorsicherheit","fckw","schäfer","umweltschutz","energien","umweltpolitik","tschernobyl","reaktorsicherheit","bundesumweltminister","umweltpolitik","umweltpolitik","lippold","klimaschutz","bundesministerin","morsleben","angela","umweltpolitik","frau","frau","energiepolitik","ausstieg","umwelt","kernenergie","atomenergie","umwelt","emissionshandel","eeg","eeg","umwelt","naturschutz","umweltschutz","kernenergie","energieeffizienz","energie","endlager","energieeffizienz","strom","gabriel","emissionshandel","energieeffizienz","gorleben","strom","ccs","durban","prozent","cent","solarindustrie","energieeffizienz","strom","energieeffizienz","kohle","ausbau","hendricks","tihange","emissionshandel","ziele","kohleausstieg","emissionshandel","kohleausstieg","co","copreis","energiewende"
"9","lastenausgleichs","oberländer","geschädigten","lastenausgleich","vertriebene","evakuierten","ansprüche","flüchtlinge","gläubiger","verband","schiff","finanzausschusses","weltflüchtlingsjahr","lastenausgleich","zwangslage","aufbaudarlehen","ausgleichsfonds","eichelbaum","juden","geschädigten","wiedergutmachung","gräber","bauern","milliarden","entschädigung","heimkehrer","korspeter","geschädigten","lastenausgleichsfonds","genscher","reddemann","herold","vertriebenen","bände","geschädigten","peter","beziehungen","erdöl","aral","energieforschung","russe","wolfram","forschungsbericht","matthöfer","narjes","technologie","energieversorgung","albrecht","wolfram","energie","riesenhuber","kohle","kalkar","endlagerung","snr","wolfram","schnellen","grossfeuerungsanlagenverordnung","umweltpolitik","energiepolitik","schäfer","wald","stoffe","hauff","kernkraftwerke","reaktorsicherheit","naturschutz","umweltschutz","schmidbauer","kernenergie","lippold","enquetekommission","ökologischen","laufs","ökologischen","umweltschutz","reaktorsicherheit","klinkert","energien","natur","endlager","frau","umweltschutz","klimaschutz","angela","wiederaufbereitung","energien","energie","energiepolitik","umweltpolitik","erneuerbaren","energie","naturschutz","wald","umweltpolitik","emissionshandels","kiotoprotokoll","wald","energie","öl","fell","kernenergie","co","erneuerbare","gorleben","ccs","erneuerbare","brennelementesteuer","ausstieg","gorleben","energie","energie","emissionshandels","energie","energie","strom","erreichen","fukushima","gorleben","netzentgelte","klimaziele","anlagen","stream","klima","eegumlage","nord","co","fossilen"
"10","millionen","bauern","flüchtlinge","entschädigung","forderungen","dm","heimatvertriebenen","oberländer","flüchtlinge","geschädigten","einlagerungen","schuldscheine","eingliederung","lastenausgleichsgesetz","kriegssachgeschädigten","novelle","kriegsgeschädigte","mischnick","bundesrepublik","novelle","pensionskasse","rehs","geschädigten","schätzungen","schäden","unterhaltshilfe","hassel","schäden","gleichstellung","leisten","spreti","ddr","eingaben","ausgleichsfonds","innerdeutsche","tages","herold","energiekrise","heizöl","energiepolitik","tonnen","kernkraftwerke","anlagen","energieversorgung","wolfram","energieprogramms","energie","landesregierung","technologie","technologie","energie","nutzung","bugl","forschung","hochtemperaturreaktor","enquetekommission","kernenergie","schäden","badenwürttemberg","waldsterben","hauff","auto","wallmann","energiepolitik","reaktorsicherheit","buschhaus","schäfer","lennartz","naturschutz","entsorgung","naturschutz","ökologischen","naturschutz","umweltpolitik","genehmigungsverfahren","verwertung","naturschutz","energien","lippold","vielfalt","stoffe","verpackungsverordnung","rio","kernenergie","transporte","ökologischen","ökologische","umweltpolitik","ökosteuer","ausstieg","ausstieg","erneuerbaren","ökosteuer","trittin","photovoltaik","tonnen","energie","erneuerbare","atomenergie","kernenergie","sigmar","kohle","energie","eeg","kernenergie","energieversorgung","kernenergie","energie","kernkraftwerke","ausbau","kraftwärmekopplung","energieeffizienz","backloading","eegumlage","emissionshandel","tonnen","energieeffizienz","stahlindustrie","paris","hendricks","kohle","emissionen","energie","kohleausstieg","energie","nachhaltigkeit","wasserstoff","energieversorgung"
"11","kather","sowjetzonenflüchtlinge","dm","leistungen","vertriebenen","leistungen","ausgleichsfonds","hausratentschädigung","enteignung","kapitalabfindung","vermögen","geschäfte","geflüchteten","ehemaligen","rutschke","stichtag","leistungsrechts","sowjetischen","dm","vertriebenen","geschädigten","vertriebenen","fonds","rutschke","staatssekretär","vertriebene","vertriebene","reparationsschädengesetz","geschädigten","flüchtlinge","entführern","sowjetzonenflüchtlinge","theologiestudenten","fonds","lastenausgleichsgesetzes","information","waltemathe","mineralölgesellschaften","kernkraftwerke","nutzung","hauff","energieverwendung","forschungs","bau","stahl","nutzung","schnellen","technologie","laermann","wolfram","kernkraftwerk","technologie","technologiepolitik","kernkraftwerken","laufs","risiko","brüter","kohle","industrie","kraftwerk","wald","ibbenbüren","schönberg","landesregierung","töpfer","abfälle","daniels","schäfer","reaktorsicherheit","umweltpolitik","knabe","energien","umweltpolitik","entwicklungsländer","rio","ökologischen","endlager","klaus","massnahmen","ökologischen","abfälle","caspersmerk","entsorgung","reaktorsicherheit","nutzung","atomenergie","loske","strom","lippold","castortransporte","atomenergie","umwelt","ökologisch","konferenz","erneuerbare","umwelt","kernenergie","abfälle","umwelt","biokraftstoffe","gorleben","co","tonnen","biomasse","prozent","prozent","strom","prozent","energiewende","prozent","asse","ausbau","strom","ausbau","krischer","bullingschröter","klimawandel","hendricks","atomenergie","anlagen","kohleausstieg","energie","kohle","klimawandel","erneuerbare","gas","kohleausstieg","erneuerbare"
"12","einheimischen","heimat","kather","lastenausgleichs","lastenausgleich","bauern","oberländer","vermögen","rückverweisung","lastenausgleichs","lastenausgleichsgesetz","neuburger","oberländer","lastenausgleichsgesetzes","rehs","lastenausgleich","stellvertretung","lastenausgleich","hauptentschädigung","bundesrückerstattungsgesetz","novelle","schätzungen","betroffenen","steuerpflicht","geflüchteten","schäden","mick","novelle","heimatvertriebenen","herr","damm","hauptentschädigung","lastenausgleichsgesetzes","hauptentschädigung","herold","wären","fircks","gesellschaften","energieforschung","verstromungsgesetz","wirtschaftsausschuss","technologie","nutzung","bundesregierung","nutzung","antarktis","forschung","luft","kernkraftwerken","umweltschutz","stahl","entsorgung","laufs","laufs","betreiber","empfehlung","technik","umweltpolitik","luft","energieversorgung","automobilindustrie","brüter","ausstieg","kernkraftwerke","ausstieg","naturschutz","kernkraftwerke","umweltminister","baum","energien","wasserstoff","energie","energie","ökologischen","brunsbüttel","hartenstein","feige","müller","ozon","hirche","klinkert","ministerin","natur","ministerin","müller","ökologische","atomenergie","kraftwärmekopplung","transporte","homburger","ökosteuer","grill","energie","innovationsklausel","arbeitsplätze","allokationsplan","endlager","tonne","kosten","energiegipfel","erneuerbare","erneuerbare","coemissionen","verbraucher","umwelt","ausbau","eeg","gorleben","netzausbau","energiepolitik","ausbau","erneuerbare","eeg","erneuerbare","prozent","eegumlage","prozent","erneuerbare","endlagerung","energiepolitik","klimawandel","ausbau","nord","klimapaket","ausbau","stream","energiewende","öl"
"13","abgabe","geschädigten","bundesvertriebenengesetzes","dm","heimatvertriebenen","millionen","bundesausgleichsamt","sowjetzonenflüchtlinge","vermögen","heimatvertriebenen","eigentümer","vertriebenen","eichelbaum","vertriebene","lastenausgleichsgesetz","vertriebenenausschuss","besatzungszone","lastenausgleichsgesetz","ansprüche","verfolgten","korspeter","dm","bundesvertriebenengesetzes","unterhaltshilfe","hauptentschädigung","menschenrechtskommission","vertreibung","vertriebenen","lastenausgleichsgesetz","kinderkriminalität","assoziierten","heimatvertriebenen","zonenrandgebietes","karachi","hofmann","kämpfte","tonnen","ölkrise","mineralölkonzerne","tonnen","energie","energieprogramm","grundlagenforschung","fortschreibung","bergbau","bundesregierung","narjes","kernkraftwerke","energieversorgung","importkohle","nutzung","energie","nutzung","technologie","solarenergie","reuschenbach","nutzung","hauff","hauff","steinkohle","kernenergie","autos","lebensgrundlagen","kohle","nutzung","baum","ozonschicht","technik","entsorgung","technik","schutz","umweltschutz","greifswald","umweltschutz","kernenergie","reaktorsicherheit","umweltschutz","umweltschutz","coemissionen","homburger","sachsenanhalt","homburger","wald","grill","atomenergie","umweltschutz","tschernobyl","nutzung","ökologisch","entsorgung","anlagen","enquetekommission","klimaschutz","waldbesitzer","ökologisch","erneuerbare","industrie","kiotoprotokoll","wälder","energieeffizienz","kernenergie","energie","kauch","höhn","erneuerbare","co","energieeffizienz","energiepolitik","netz","umwelt","energiepolitik","kilowattstunde","netzausbau","netzausbau","hendricks","krischer","energie","tschernobyl","konzerne","bullingschröter","energie","erreichen","versorgungssicherheit","energie","kohle","ausbau","klimawandel","wasserstoff"
"14","ja","lastenausgleich","lastenausgleichs","vorfinanzierung","krieges","kriegsgeschädigte","entschädigung","lastenausgleichsgesetz","vertrag","forderungen","betreuung","bank","reichsbankanteile","liquidation","flüchtlingen","heimatvertriebenen","vertriebene","sowjetzonenflüchtlinge","israel","wiedergutmachung","schäden","milliarden","lastenausgleichsgesetz","entwicklungshelfer","gezahlt","rehs","eingliederung","to","windelen","fircks","botschafters","flüchtlingen","impfgeschädigten","westpakistan","vermögensabgabe","quatsch","herübergekommen","benzin","belieferung","energieprogramms","energieversorgung","anlagen","rationellen","entsorgung","bau","gorleben","energieverwendung","tokio","anlagen","kommission","kernkraftwerke","ausbau","technologien","bundesregierung","projekt","schnellen","mikroelektronik","benzin","grossfeuerungsanlagenverordnung","zimmermann","wiederaufarbeitung","bleifreies","umweltschutzes","reaktorsicherheit","energiepolitik","transnuklear","fckw","hartenstein","wiederaufarbeitung","verbrennung","schmidbauer","schäfer","feige","elbe","anlagen","umweltminister","energie","ökologischen","enquetekommission","angela","genehmigungsverfahren","kampeter","frau","angela","ministerin","nachhaltigkeit","reaktorsicherheit","anlagen","homburger","zwischenlager","hustedt","rio","biomasse","bergbau","biomasse","biomasse","emissionshandel","emissionshandel","kelber","umweltschutz","energie","atomenergie","emissionshandel","energiepreise","klima","klimawandel","energie","kernenergie","energiepolitik","strom","industrie","energiepolitik","energie","energiepolitik","industrie","energie","kwk","prozent","abfälle","deutschland","ausbau","grad","energieversorgung","klimaziele","co","industrie","klima","kohle"
"15","schäden","lastenausgleichsgesetzes","heimatvertriebenenwirtschaft","verbände","oberländer","einheimischen","versicherungsunternehmen","vertriebene","osterreich","eingliederung","staatssekretär","bundesfinanzministerium","bauern","vermögensauseinandersetzung","hausratentschädigung","ostdeutschen","spdbundestagsfraktion","kriegsgeschädigte","bundesentschädigungsgesetz","rechtsanspruch","lemmer","verfolgten","flüchtlingen","heimatvertriebenen","regelung","lastenausgleichs","flüchtlingen","as","bände","sowjetzonenflüchtlinge","vertriebenen","höhmann","sterilisation","lastenausgleichsgesetzes","vertriebenen","dahrendorf","deputatkohle","energiepolitik","november","fortschreibung","kernkraftwerken","energieversorgung","matthöfer","energieprogramms","entsorgung","matthöfer","lenzer","energieversorgung","stahl","forschungs","wolfram","sachverständigen","studien","schäfer","gerstein","landesregierung","kommission","forschung","grossforschungseinrichtungen","ehmke","bundesregierung","ta","schmidbauer","ausstieg","umweltpolitik","bundesumweltminister","bundesumweltminister","nutzung","luft","bundesimmissionsschutzgesetz","anlagen","atomenergie","enquetekommission","enquetekommission","natur","caspersmerk","energien","verpackungsverordnung","ökologische","endlager","umweltpolitik","ökologische","nutzung","ahaus","entsorgung","reaktorsicherheit","homburger","atomenergie","kraftwärmekopplung","bullingschröter","grill","eeg","paziorek","erneuerbare","naturschutz","kelber","paziorek","energieforschung","kernkraftwerke","fell","strom","energiepolitik","umweltminister","erneuerbarer","atomenergie","energieaussenpolitik","energiepolitik","energieversorgung","energieversorgung","erneuerbare","eeg","industrie","umweltminister","krischer","gabriel","co","erneuerbare","energie","euratom","baerbock","klimapolitik","wald","energiepolitik","klimaschutzgesetz","arbeitsplätze","klima","energie","eegumlage"
"16","nahmer","lastenausgleichsbank","millionen","ausgleichsfonds","lastenausgleichsgesetz","lastenausgleich","lastenausgleichsgesetzes","ansprüche","forderungen","rehs","privatbesitz","beirat","häftlingen","auszahlung","bundesvertriebenengesetzes","kuntscher","vertriebenen","entschädigung","böhm","lastenausgleich","regierungsentwurf","fonds","vertriebene","ging","zirndorf","griechische","kriegsgeschädigte","lastenausgleichsgesetz","leistungen","flüchtlingen","illustrierten","stiftung","unfruchtbarmachung","kahnackermann","ehemals","anschein","ag","energie","energieprogramm","technologie","internationalen","forschung","kohle","hauff","energieversorgung","energiepolitischen","nutzung","hauff","technik","grundlagenforschung","forschung","forschung","forschungsförderung","genehmigungsverfahren","technik","technologie","datenverarbeitung","ministerpräsident","natur","technik","grenzwerte","wiederaufarbeitungsanlage","schadstoffe","ibbenbüren","atomenergie","grenzwerte","montrealer","bundesumweltminister","wackersdorf","hartenstein","ökologischen","kernkraftwerke","kozloduj","wälder","ökologische","ökologisch","enkelmann","klimaschutz","angela","frau","nutzung","hustedt","homburger","hustedt","grill","wiederaufarbeitung","energie","energieversorgung","morsleben","paziorek","energiebericht","ökologie","energiepolitik","pfandpflicht","energieversorgung","ökosteuer","erneuerbare","tonnen","strom","erneuerbare","marktanreizprogramm","fell","kohlekraftwerke","energiepolitik","sigmar","hill","umwelt","asse","netze","umweltminister","klimaschutz","kosten","ausbau","unternehmen","deutschland","kohle","wärme","bullingschröter","kohle","kohleausstieg","strom","kohleausstieg","emissionshandel","gas","industrie","klimawandel","ziele","abhängigkeit"
"17","kunze","ausgleichsfonds","lastenausgleichsgesetz","millionen","verluste","umsiedlung","rehs","eingliederung","ansprüche","schulden","vorfinanzierung","wertpapiersteuer","zone","merkatz","entschädigung","korspeter","heizölsteuer","rehs","reich","dm","sowjetzonenflüchtlinge","verbesserungen","anträge","rehs","körperbehinderung","kriegsgeschädigte","schmidt","is","ausgleichsfonds","gleichstellung","eingliederung","entschädigung","ehemals","geschädigten","berlinverkehr","staatsangehörigkeit","beschwerden","dieselkraftstoff","südrhodesien","elektrizitätswirtschaft","benzin","kernkraftwerken","hochtemperaturreaktor","energiepolitischen","albrecht","standort","kernkraftwerke","heizöl","stoltenberg","narjes","energiepolitischen","kommission","landesregierung","nutzung","genehmigungsverfahren","forschungsgruppe","brüters","badenwürttemberg","benzin","tempolimit","technik","grünen","kernkraftwerke","industrie","technik","schäfer","baum","industrie","abfälle","schmidbauer","tropenwälder","energiepolitik","bundesumweltminister","ökologisch","risse","lippold","bundesumweltminister","caspersmerk","energie","nordsee","hirche","altautoverordnung","morsleben","morsleben","umweltministerin","grill","energiepolitik","gorleben","atommüll","nutzung","klimapolitik","hirche","nachhaltigkeit","steinkohle","kiotoprotokoll","anlagen","gorleben","kiotoprotokolls","ausstieg","emissionshandel","tonnen","tonnen","erneuerbarer","umwelt","atomkraft","erneuerbarer","laufzeitverlängerung","umwelt","ausbau","kernenergie","energieversorgung","strompreise","endlager","cent","eegumlage","gebäudesanierung","bullingschröter","netzausbau","anlagen","lingen","ziel","umweltpolitik","ausstieg","klimapolitik","windenergie","erneuerbare","grünen","habeck"
"18","lastenausgleichsgesetz","lastenausgleichs","kriegssachgeschädigten","kriegsgefangenenentschädigungsgesetzes","kriegsfolgenschlussgesetz","kuntscher","eingliederung","lastenausgleichs","betroffenen","vertriebene","deutschen","ufa","liquidation","sowjetzonenflüchtlinge","liquidation","geschädigten","sozialprodukt","schicksal","verfolgte","personen","mio","hirsch","kriegsgeschädigte","wohnsitz","lastenausgleichsgesetzes","lastenausgleichsgesetz","griechischen","traktateigentümer","lastenausgleichsgesetzes","geschädigten","graf","erklärungen","entschädigungsregelung","dokumentation","touristikunternehmen","kunz","ruhrkohle","kernenergie","air","forschung","energieprogramms","energieprogramms","energieeinsparung","stahl","bundesregierung","narjes","gorleben","bau","energiepolitischen","bundesregierung","schleswigholstein","energietechniken","jansen","wiederaufarbeitung","nutzung","technik","laermann","zimmermann","schäden","tonnen","luft","zimmermann","atomenergie","technik","luft","technik","tonnen","entsorgung","lennartz","abfall","ökologische","ökologische","umweltminister","weltweit","fckw","abfall","endlagerung","reaktorsicherheit","mochovce","abfälle","pvc","verwertung","transporte","hirche","hustedt","kernkraftwerke","wasser","kernkraftwerke","merkel","endlager","energieversorgung","kernenergie","ökologie","energie","paziorek","holz","ökosteuer","naturschutz","deutschland","kohle","technologien","umwelt","klimawandel","kraftwerke","atomkraftwerke","emissionshandel","kelber","atomkraftwerke","röttgen","bundesumweltminister","erneuerbare","netzausbau","umwelt","deutschland","tonnen","erreichen","ziel","krischer","atomkraft","ausstieg","ausstieg","kohle","emissionen","ziele","altmaier","eeg","emissionshandel","versorgungssicherheit"
"19","nöll","vertreibung","bundesvertriebenenminister","kriegsgeschädigte","zusammenbruchs","härtefonds","heimatvertriebene","heimatvertriebenen","vertriebene","ermässigung","saarbergwerke","gleichmässigkeit","reitzner","heimatvertriebenen","merkatz","eingliederung","eigentümer","feststellungsgesetz","lastenausgleichsgesetzes","vertriebene","einrichtungshilfe","zone","zirndorf","dm","weisungsrechte","sowjetzonenflüchtlinge","rehs","ansprüche","sowjetzonenflüchtlinge","unterhaltshilfe","quick","center","geschädigten","eingliederung","freiherr","kohl","emmerlich","öl","energiekrise","kernkraftwerke","bau","gruhl","entwicklung","kernkraftwerken","kohlekraftwerke","energieverwendung","steinkohle","entsorgung","energieträger","enquetekommission","öl","energien","gorleben","kohle","april","studie","technischen","waldsterbens","pcb","braunkohle","verursacherprinzip","grossfeuerungsanlagenverordnung","zimmermann","bevölkerung","schäfer","nutzung","umweltminister","energie","endlagerung","energie","erdatmosphäre","hartenstein","kernkraftwerke","fckw","ökologisch","bundesumweltminister","stoffe","umweltminister","industrie","mikrogramm","ökologische","hirche","bodenschutz","coemissionen","ausstieg","klimaschutz","lippold","naturschutz","energie","atommüll","nutzung","ökologische","nutzung","verpackungen","kernenergie","kosten","kelber","energiepolitik","pfeiffer","energieversorgung","hansjosef","coemissionen","umwelt","anteil","nutzung","biomasse","erneuerbarer","laufzeiten","klimaschutz","energieversorgung","anlagen","verbraucher","energiepolitik","gabriel","erreichen","prozent","ziele","anlagen","brennelementesteuer","ausbau","klima","erneuerbare","klimawandel","stream","klimawandel","klimaziele","klimaneutralität","energiepreise"
"20","verloren","bundesvertriebenenminister","höhe","lastenausgleichsgesetzes","sowjetzonenflüchtlinge","jaksch","lastenausgleich","stundung","österreich","vermögen","verordnungen","bankgewerbes","bundesregierung","entschädigung","lastenausgleich","lastenausgleichsgesetzes","persönliche","flüchtling","claims","bundesentschädigungsgesetz","zonenflüchtlinge","heimatvertriebenen","blindenhilfe","schäden","ostmüller","griechenlands","zuständigen","lastenausgleichsgesetzes","häftlingshilfegesetz","ehmke","fircks","document","wiedergutmachung","millionen","unterhaltshilfeanpassungsgesetz","dübber","kunz","versorgung","preis","heizöl","energieträger","fortschreibung","dring","schnellen","fortschreibung","hauff","snr","nutzung","bau","programm","nordrheinwestfalen","öl","abfälle","technik","lenzer","kalkar","stahl","energie","zimmermann","offleben","schadstoffe","energiepolitik","wasser","nutzung","umweltminister","tschernobyl","kalkar","schmidbauer","natur","umweltminister","reaktorsicherheit","bundesumweltminister","bulgarien","schutz","energieversorgung","ökologische","ökologische","klausdieter","müller","nutzung","energien","natur","hague","atomenergie","umweltschutz","energieversorgung","ökologischen","hustedt","gorleben","energien","homburger","kiotoprotokoll","erneuerbare","holz","verpackungsverordnung","instrument","minister","endlager","energiemix","atomenergie","hill","zertifikate","naturschutz","wärme","energieeffizienz","klima","energieversorgung","energieeffizienz","fukushima","kraftwerke","rösler","rösler","industrie","prozent","ziele","kraftwärmekopplung","co","deutschland","bullingschröter","energie","emissionen","prozent","preis","arbeitsplätze","ausstieg","altmaier","ausbau","energiepolitik"
"21","gesetzes","lastenausgleichsgesetz","grossen","hausrathilfe","kriegsfolgenschlussgesetzes","heimatvertriebene","sowjetzonenflüchtlinge","leistungen","vermögens","buch","van","kapitalverkehrsteuergesetz","ministerium","lastenausgleichs","sowjetzonenflüchtlinge","rückzahlung","dm","besetzten","kriegsgeschädigte","worden","lastenausgleichsgesetz","ansprüche","heimatvertriebenen","einsparungen","uranoxyd","lastenausgleich","ausschuss","we","korspeter","lastenausgleichsgesetzes","geschädigten","dreiundzwanzigsten","modelle","kriegsgefangenen","viermächteabkommen","innerdeutschen","gewährt","energieträger","bundeskartellamt","kernkraftwerken","steinkohle","verstromungsgesetzes","bau","riesenhuber","mittwoch","lambsdorff","energiepolitischen","meerestechnik","ministerpräsident","energiepolitischen","landesregierung","frankreich","schröder","riesenhuber","boroffka","laermann","plutonium","natur","steger","wolfram","schadstoffarmen","kohle","tempolimit","umweltminister","umweltschutzes","wiederaufarbeitung","luft","wackersdorf","auto","bundesumweltminister","natur","katastrophe","ausstieg","konvention","ausstieg","klaus","caspersmerk","energie","frau","kernenergie","umweltschutz","ökologischen","müller","gorleben","atomwirtschaft","energie","japan","klimaschutz","bullingschröter","eva","umweltschutz","hustedt","jürgen","natur","reaktorsicherheit","emissionen","energieeffizienz","holz","nutzung","loske","klimawandel","atomkraftwerke","kohle","nutzung","co","nutzung","laufzeiten","kernkraftwerke","tschernobyl","ziele","kernenergie","umwelt","energieeffizienz","atomkraft","coemissionen","eeg","grad","umwelt","barbara","pariser","ministerin","umwelt","erneuerbare","windenergie","photovoltaik","klimakrise","erneuerbare","deutschland"
"22","seuffert","schulden","vorfinanzierung","schäden","geschädigten","geschädigten","hausratentschädigung","lastenausgleichsgesetzes","eigentümern","überlegt","heimat","privaten","lastenausgleichs","unterhaltshilfe","personenkreis","bund","menschen","lastenausgleichs","bundesrückerstattungsgesetzes","ehemals","betroffenen","korspeter","bundesentschädigungsgesetz","geschädigten","lastenausgleichsgesetz","rutschke","verbesserungen","mick","kuntscher","vertriebenenministeriums","flüchtlingsvermögens","hofmann","reise","ehemals","lastenausgleichsnovelle","ausgenommen","berlinverkehr","vorräte","rhodesia","genehmigungsverfahren","energiepolitischen","millionen","internationalen","mw","solartechnik","steinkohle","kalkar","juli","dring","industrie","bundesregierung","bau","anlagen","anlagen","energie","erin","superphénix","waldschäden","baum","grünen","grünen","automobilindustrie","nutzung","atomenergie","natur","störfallverordnung","industrie","emissionen","knabe","baum","nutzung","braband","umweltschutz","globale","kernkraftwerke","klimaschutz","kreislaufwirtschaftsgesetz","rio","energiepolitik","entsorgung","gorleben","autos","nachhaltigen","umweltministerin","nachhaltigkeit","umweltminister","kraftwärmekopplung","müller","ökologische","ökologisch","müller","urwälder","verpackungsverordnung","pfand","allokationsplan","wälder","homburger","nutzung","prozent","abfälle","emissionshandel","naturschutz","energieeffizienz","coemissionen","kohlekraftwerke","kohlekraftwerke","kauch","endlager","laufzeitverlängerung","klimafonds","fukushima","unternehmen","erneuerbare","arbeitsplätze","ausbau","eva","strommarkt","technologie","strom","umwelt","industrie","klimapolitik","kommission","nord","brauchen","klimapolitik","brauchen","brauchen"
"23","leistungen","eingegliedert","schadensfeststellung","einheimischen","lastenausgleichsgesetzes","menschen","kriegsgeschädigte","verbände","heimatvertriebenen","reich","erfüllung","gleichstellung","sudetendeutschen","seume","heimatvertriebenen","betroffenen","aufwendungen","hauptentschädigung","conference","lastenausgleichsgesetz","härten","lastenausgleich","ansprüche","hauptentschädigung","wiederaufnahme","europarates","heimatvertriebene","have","kriegsgeschädigte","hassel","rebellen","lastenausgleichsgesetz","unrecht","härtefällen","novelle","verlassen","fliegen","wirtschaft","atomprogramm","ausgleichsabgabe","kernkraftwerke","matthöfer","projekte","mittwoch","kernkraftwerken","kernkraftwerke","energieprogramms","fortschreibung","landesregierung","steinkohle","technologie","förderung","endlager","landesregierung","brüters","forschung","industrie","ta","umweltschutzes","betrieb","industrie","schnellen","umweltminister","naturschutz","tonnen","wald","gutachten","baum","bundesumweltminister","tonnen","ausstieg","abfälle","reaktoren","schäfer","klausdieter","coemissionen","enquetekommission","ökologisch","bundesministerin","lippold","landessammelstelle","boden","energien","flächen","wald","merkel","anlagen","bullingschröter","umweltminister","reaktorsicherheit","erneuerbare","erneuerbare","erneuerbarer","hustedt","förderung","nationalen","prozent","industrie","minister","naturschutz","minister","coausstoss","sigmar","emissionshandel","biomasse","kohle","kohlekraftwerke","ausbau","energie","iter","rückholung","klimaschutz","china","emissionshandel","lima","deutschland","gabriel","atomkraft","ausstieg","eva","copreis","klima","klima","industrie","klima","energiepolitik","arbeitsplätze","müssen"
"24","aktien","anspruch","feststellungsgesetzes","ansprüche","leistungen","bundesvertriebenenministerium","kather","geschädigtengruppen","forderung","ausnahmefällen","vorlage","besteuerung","bundesbank","milliarden","richtlinien","unterhaltshilfeempfänger","abschliessend","beweissicherung","ehemals","verzinsung","abwicklung","bundesentschädigungsgesetz","reserven","lastenausgleichs","gasmasken","europarats","ausgleichsfonds","traktatgeschädigten","kriegssachgeschädigten","lastenausgleichsgesetz","freilassung","hessisch","vertrieben","ostpakistan","beziehungen","änderungsanträge","darauf","situation","versorgungslage","energiepolitischen","april","energiepolitischen","kernkraftwerken","stavenhagen","kraftwerke","heizöl","hauff","meeresforschung","strahlenbelastung","energieversorgung","bau","kernkraftwerken","projekt","energie","studie","brüters","genehmigungsbehörde","schneider","schadstoffe","umweltschutzes","einführung","massnahmen","hauff","damen","energie","wackersdorf","snr","anlagen","daniels","industrie","umweltpolitik","energieversorgung","energien","ökologische","wald","vermeidung","ökologischen","kernenergie","hochwasser","ökologische","ministerin","naturschutzgesetz","abfälle","garzweiler","homburger","atomkraft","bullingschröter","stromeinspeisungsgesetz","erneuerbaren","energie","kraftwärmekopplung","energieversorgung","koalitionsvereinbarung","umwelt","kosten","wald","nutzung","loske","mechanismen","gorleben","kosten","strom","hill","müssen","hill","umwelt","fell","ziele","eeg","naturschutz","umwelt","anlagen","photovoltaik","bullingschröter","baerbock","ausbau","eva","kosten","phosphor","belgien","kohleverstromung","klimaziele","gigawatt","copreis","versorgungssicherheit","deutschland","generationen","kernenergie"
"25","eingliederung","regelung","heimatvertriebene","härtefonds","entschädigung","wirtschaft","betreuung","unterhaltshilfe","vertrages","reichsautobahnen","betroffenen","schuldschein","abfindung","kriegsgeschädigte","flüchtling","bundesvertriebenenminister","unterschiedliche","flucht","ausgleichsfonds","mio","flüchtlingen","reserven","dahlgrün","lastenausgleichsgesetzes","schon","geschädigten","bundesregierung","gleichstellung","vertriebene","fonds","kontakt","zonenrandgebietes","verwaltungskosten","rutschke","lastenausgleichs","schwierigkeiten","anspruchs","bundeswirtschaftsminister","kernkraftwerken","millionen","narjes","verstromungsgesetz","snr","narjes","steinkohle","heizölsteuer","ueberhorst","technik","heizöl","energieverwendung","kernkraftwerken","niedersachsen","programm","brüter","schäfer","schäfer","techniken","hessen","massnahmen","albrecht","schäden","entsorgung","wasserhaushaltsgesetz","rhein","baum","normalbenzin","natur","energiepolitik","technik","verwertung","ökologisch","abfallwirtschaft","osteuropa","globalen","umweltminister","enquetekommission","industrie","chlorchemie","atomenergie","bundesregierung","nordsee","bodens","nachhaltigkeit","nordrheinwestfalen","hirche","lippold","umweltschutz","reaktorsicherheit","eva","ökologische","paziorek","bullingschröter","strom","industrie","kelber","förderung","ökologische","steinkohlenbergbau","anlagen","technologien","kohle","energieversorgung","müssen","tonnen","höhn","gas","kohle","reaktorsicherheit","kraftwerke","kelber","netze","energieversorgung","peter","energieversorgung","kohlekraftwerke","arbeitsplätze","fossilen","gabriel","ministerin","strukturwandel","umweltpolitik","hambacher","bepreisung","coemissionen","strompreise","copreis","deutschland","atomkraft"
"26","mark","kriegsmarine","götz","kriegsgeschädigten","seuffert","anfrage","lastenausgleichsgesetz","aufbaudarlehen","entgegenkommen","betroffenen","bundesfinanzministerium","wertpapieren","hauptentschädigung","eingliederung","kinat","besitzt","bundesdruckerei","besatzungszone","hitler","hauptentschädigung","strassenbahnen","gleichstellung","wiedergutmachung","beg","grund","lastenausgleichsgesetzes","versprechungen","rehs","leukert","mindestrente","wohlrabe","mitteldeutschland","forderungen","verwaltungskosten","lastenausgleichsfonds","geregelt","bundesregierung","dezember","wolfram","preis","verbraucher","ibbenbüren","energieverwendung","wolfram","niedersachsen","technologien","bau","laermann","erdgas","riesenhuber","stoltenberg","kernkraftwerk","strahlenbelastung","niedersachsen","industrie","dring","technologien","anlagen","riesenhuber","bundesregierung","umweltfreundlichen","grossversuch","gewässer","schäfer","stade","nukem","schnellen","tonnen","ökologisch","see","energie","anlagen","stoffe","erdatmosphäre","abfall","industrie","kernkraftwerke","brauchen","schütz","massnahmen","atomenergie","selbstverpflichtung","ausstieg","schütz","ökologische","nutzung","reaktoren","ökosteuer","ausstieg","coemissionen","kernkraftwerke","haag","reaktorsicherheit","nutzung","industrie","energie","naturschutz","generationen","technologien","kraftstoffe","umweltpolitik","energiegipfel","höhn","asse","fell","biokraftstoffe","ausbau","naturschutz","gorleben","klimapolitik","netzausbau","pro","standort","ziele","erneuerbare","netze","förderung","co","kosten","naturschutz","ziele","akzeptanz","müssen","ausbau","grünen","emissionshandel","technologien","preise"
"27","lastenausgleichsgesetzes","verbindlichkeiten","bank","verband","bundesvertriebenengesetzes","ausweis","kriegsgefangenenentschädigungsgesetz","anl","härtefälle","aufbringt","belgische","pferdmenges","anteile","stichtag","lastenausgleichs","dezember","nachweisbar","notaufnahme","verbrechen","reparations","darlehensvertrages","sowjetzonenflüchtlinge","exportfirmen","lastenausgleichsgesetz","leukert","schlussstein","schäden","hassel","missachtung","lastenausgleich","berlin","unterhaltshilfe","petitionsausschusses","verlassen","arbeitnehmerüberlassung","probleme","anspruch","belieferung","markt","ölkrise","bundesregierung","energieträger","schnellen","technik","energieprogramms","stahl","technologien","riesenhuber","schleswigholstein","millionen","dring","stavenhagen","programms","kernenergiepolitik","reaktorlinien","sicherheitstechnischen","projekt","nordrheinwestfalen","bundesinnenminister","nutzung","uran","buschhaus","industrie","katastrophe","energieversorgung","hauff","stoffe","biblis","katalysator","lennartz","weltweit","ausstieg","anlagen","stoffe","energie","dualen","abfall","alpen","emissionen","grill","entsorgung","nutzung","angela","ökologische","mehl","loske","kernkraftwerke","erneuerbarer","reaktorsicherheit","umweltminister","coemissionen","kurtdieter","regenerativen","erneuerbarer","anlagen","co","kosten","deutschland","naturschutz","tschernobyl","kraftwerke","kraftwerke","ziele","energieversorgung","endlager","versteigerung","co","kelber","atomenergie","kwk","atomausstieg","markt","bundesumweltminister","kilowattstunde","bullingschröter","förderung","deutschland","netze","zdebel","konrad","umwelt","umweltministerin","erdgas","kohle","kernenergie","energieversorgung","wohlstand","industrie"
"28","soforthilfe","vertriebener","leistungen","kuntscher","schulden","verfügung","beihilfe","nummern","eigentümer","vermögensabgabe","provinzen","täuschung","lindenberg","kuntscher","anrechnung","ministerium","unterhaltshilfe","menschen","besetzten","lastenausgleichs","lastenausgleichs","lastenausgleichsfonds","jugoslawischen","kriegsgeschädigte","tönjes","reparationsschädengesetz","zwanzigsten","our","abgeltung","denen","assoziierung","geschädigten","entschädigung","kampfhandlungen","fahrzeugen","erneut","zunehmenden","schweres","gewinne","stahlindustrie","ag","rationelle","endlagerung","energieträger","lenzer","entsorgung","antarktis","bundesregierung","technologien","dring","posser","programms","kohle","energieprogramms","raumfahrt","stahl","landesregierung","bundesregierung","schäfer","antrag","umweltschutzes","hauff","tonnen","laufs","krollmann","abfall","verbrennung","erdatmosphäre","anlagen","luft","schäfer","greifswald","nutzung","produktion","produktion","duale","energiepolitik","griefahn","klimakonferenz","ökoaudit","ulrich","verordnung","hirche","homburger","grenzwertüberschreitungen","ukraine","gorleben","regenerativen","tonnen","klimaschutzpolitik","atomausstieg","klimapolitik","tonnen","mehrweg","prozent","homburger","loske","wälder","dött","nutzung","energieeffizienz","deutschland","minister","rohstoffe","atommüll","fossilen","umweltminister","kauch","energieeffizienz","atomausstieg","förderung","krischer","chinesische","ausgleichsregelung","fracking","industrie","abfälle","netz","gabriel","schacht","naturschutz","ausstoss","strompreise","pariser","kohlekommission","arbeitsplätze","bundesverfassungsgericht","fossile"
"29","ganz","eigentum","unterhaltshilfe","graf","preussen","hellwig","millionen","forderungen","seuffert","oberländer","rechtsgut","ausgestellt","entschädigung","verwaltung","vertriebene","zuständigen","hauptentschädigung","turn","lastenausgleichsgesetz","milliarden","eingliederung","novellen","liquidation","manöver","geschädigten","europarat","personenkreis","this","menschenrechte","czaja","marx","herr","staatssekretär","lastenausgleichsgesetz","fonds","besondere","personenkreis","verbraucher","bedingungen","bundeswirtschaftsminister","uran","januar","radioaktiver","kraftwerke","landesregierung","bergbau","laermann","harrisburg","entsorgung","elektrizitätswirtschaft","erdgas","bundesregierung","bmft","empfehlungen","hersteller","techniken","risiko","riesenhuber","automobilindustrie","grossfeuerungsanlagenverordnung","forschung","ökologischen","baum","luft","grenzwerte","landesregierung","altlasten","luft","industrie","schäfer","regenwälder","bernd","ökologische","bundesumweltminister","verwertung","abfallwirtschaft","atomenergie","kreislaufwirtschaftsgesetz","ökologischen","müller","technik","schutz","boden","ausstieg","birgit","müller","hustedt","konsens","müller","pfand","energie","konferenz","prozent","irena","energie","paziorek","öl","kosten","anlage","energiemix","pinkwart","atomkraft","kernenergie","kernenergie","kraftwerke","energiepolitik","emissionen","sicherheit","atomkraftwerke","förderung","fell","netze","rösler","kohle","kraftwerke","energetischen","dekarbonisierung","brauchen","kohleausstieg","kernenergie","kernenergie","emissionshandel","brauchen","energieversorgung","energieversorgung","ausstieg","erreichen","winter"
"30","flüchtlinge","kather","schäden","höhe","zusammenbruch","bundesminister","angemessenen","gbbhe","personenkreis","vorfinanzierung","siedlerstellen","getäuscht","lebenden","kriegssachgeschädigten","mai","bundesminister","lastenausgleichsgesetzes","mauer","leistungen","reparationsgeschädigten","personenkreis","betroffenen","vertretungen","gewöhnlichen","lager","liquidation","empfehlung","herr","kriegs","dokumentation","assoziierungsabkommen","frühverzinsung","zonenrandgebiet","reimann","petitionen","heute","ärztlichen","leichtem","energiebereich","einsatz","matthöfer","ausgleichsabgabe","energiepolitik","bürgerinitiativen","energiepolitische","energieprogramm","brüters","umweltschutz","programm","stavenhagen","importkohle","stahl","abfällen","energiepolitischen","sonnenenergie","bewertung","schäfer","abgabe","forschungs","hauff","fahrzeuge","industrie","bundesregierung","herren","gorleben","gorleben","hartenstein","energieeinsparung","ökologische","stoffe","massnahmen","verwertung","ökologisch","abfälle","verpackungsverordnung","ganseforth","dagmar","homburger","ökoaudit","biologischen","radioaktiven","naturschutzes","energiepolitik","müller","transporten","ökologie","energieversorgung","kurtdieter","frankreich","konsens","deutschland","ökosteuer","homburger","umweltpolitik","novelle","rohstoffe","bundesumweltminister","hustedt","atomkraft","gas","biokraftstoffe","wärme","fell","biokraftstoffe","bundesumweltminister","ökostrom","höhn","erneuerbarer","prozent","industrie","jahr","asse","asse","atomenergie","umwelt","erneuerbare","bundesregierung","ausschreibungen","kottinguhl","energieversorgung","müssen","müssen","klimaziele","erneuerbare","strukturwandel","umwelt","klimaneutral","osterpaket"
"31","vermögens","gesetz","aufbaudarlehen","lastenausgleichsfonds","kredite","kurspflege","forderungen","klötzer","rückgabe","sowjetzone","geschädigten","lastenausgleich","anteilseignern","währungsreform","hausrat","anhebung","fünfjahresplan","kollegin","personenkreis","alliierten","fälle","opfer","fälle","unbeschränkten","weihnachten","personen","europarat","for","herr","lautete","forderungen","heimatvertriebene","schäden","unesco","innenausschuss","meinung","zusatzfrage","etwa","energiepolitik","verbraucher","mw","bundesregierung","bmft","anlagen","ministerpräsident","antarktisvertrag","dezember","industrie","heimischen","bau","ausbau","reaktorlinien","kernkraftwerken","probst","fortschreibung","betrieb","forschungsminister","wälder","hartenstein","energie","bundesinnenminister","altanlagen","natürlichen","energieversorgung","staatsziel","anlagen","technologie","grenzwerte","harries","stahl","segall","entsorgung","entsorgung","norden","tonnen","bertram","umweltminister","natur","gorleben","shell","angela","ökologisch","bodenschutzgesetz","reduktion","kontaminationen","umweltausschuss","ökologisch","energieträger","ökologischen","müller","natur","umweltschutz","elbe","hektar","homburger","energiepolitik","kurtdieter","umweltschutz","loske","reinhard","co","bullingschröter","deutschland","klima","industrie","irena","anlagen","stadtwerke","technologie","euratom","cent","rückholung","eegumlage","kernenergie","klima","versorgungssicherheit","kohlekraftwerke","eva","euratomvertrag","brennelemente","gigawatt","sonderausschreibungen","eeg","erreichen","müssen","kernenergie","cobepreisung","atomenergie"
"32","einheitswert","vermögens","nebenerwerbsstellen","ausländer","leistungsfähigkeit","rückführung","besatzungszone","betroffenen","schiedsgericht","sowjetischen","heimatvertriebene","banken","häftlingshilfegesetzes","jaksch","sowjetzonenflüchtling","minister","korspeter","sowjetisch","altenrath","initiativentwurf","gekommen","lastenausgleichs","verfolgung","damalige","fünf","versprechungen","verabschiedung","gerlach","arbeitseinsatz","absichtserklärungen","botschafter","personenkreis","ansprüche","lastenausgleichs","ausgleichsfonds","deutschland","entlassen","schwerem","ölkrise","öl","laermann","erdgas","entsorgung","einsatz","plutonium","bau","heizöl","niedersachsen","importkohle","lambsdorff","grundlagenforschung","technologien","betrieb","zwischenlagerung","inbetriebnahme","studien","betrieb","emissionen","entsorgung","waldschäden","umweltfreundliche","schadstoffe","grünen","betrieb","stoffe","laufs","genehmigungsverfahren","tschernobyl","autos","verbrannt","vorsorge","umweltminister","klaus","co","tanker","produktion","klaus","erde","rio","greenpeace","grill","kreislaufwirtschaftsgesetz","tonnen","walter","lippold","homburger","laufs","erneuerbare","umweltschutz","jürgen","erneuerbarer","reduktion","energieversorgung","härtefallregelung","umweltschutz","coemissionen","ökologisch","prozent","industrie","umweltminister","verbraucher","sigmar","reaktorsicherheit","energieeffizienz","naturschutz","gabriel","förderung","netze","atomkraft","bergrecht","müssen","ausnahmen","kernenergie","verbraucher","energieversorgung","hendricks","konferenz","klimaschutzplan","eva","weisgerber","erneuerbare","pariser","kohlekommission","cobepreisung","kommission","brauchen","klimakrise","klima"
"33","kollege","flüchtlingen","geschädigtengruppen","bhe","millionen","kriegssachgeschädigten","schäden","dm","vermögenswerte","novellen","übermorgen","kapitalmarktpflege","weltflüchtlingsjahres","golddiskontbank","lindenberg","gesetzentwürfe","erlangen","verfügbaren","bundesrückerstattungsgesetz","böhm","regierungserklärungen","bundesausgleichsamt","lager","leistungen","dr","eingliederung","promille","niederländischen","entschädigungsanträge","not","bundesrepublik","dm","bundesentschädigungsgesetz","verbliebenen","gebuchten","denen","fälle","pflichtvorräte","grüner","kraftwerken","veba","recklinghausen","energieversorgung","forschungspolitik","energieträger","energiepolitische","betrieb","entwicklung","lenzer","technik","entsorgung","laermann","enquetekommission","schnellen","bau","bergbau","anlagen","industrie","bundesregierung","auto","katalysator","wiederaufarbeitung","wald","anlagen","lebensgrundlagen","hartenstein","technik","daniels","ökologischen","energieeinsparung","energieversorgung","sanierung","atomenergie","coemissionen","atomenergie","energie","novelle","umweltpolitischen","umweltministerin","energie","energie","novelle","grill","emissionen","kurtdieter","kernkraftwerken","atomkraftwerke","merkel","paziorek","kubatschka","emissionshandel","nutzung","müller","klimaschutz","co","wirtschaft","wettbewerb","ökologisch","unfall","sigmar","abfälle","ziele","ausstieg","kwk","umweltminister","technologie","asse","kwk","konsens","kauch","umweltminister","versorgungssicherheit","prozent","ausstieg","unternehmen","gas","klimakonferenz","stahl","rückbau","barbara","klimaschutzplan","windenergie","kernenergie","preis","windkraft","kohle","nachhaltigkeit","klimakrise"
"34","landwirtschaft","grossen","oberländer","kather","september","rehs","aufbaudarlehen","reich","frühzeitig","gleichsam","reedereien","angaben","unterhaltshilfe","betreuung","beweissicherung","bazille","personenkreises","bundesbank","alliierten","rückerstattung","heimat","lemmer","aufgaben","ansprüche","vorlage","katastrophe","personen","bundesversorgungsgesetzes","zonenschäden","bereit","entwicklungsländer","entschädigungsregelung","geschädigte","oktober","transportmittel","darf","häfen","preis","stromlieferungen","technologien","einsatz","kraftwerken","anwendung","energieverbrauch","zwischenlager","breidbach","rationellen","wolfram","energiequellen","spies","technik","energieversorgung","bülow","radioaktiver","raumfahrtpolitik","nutzung","wissenschaft","schadstoffe","tonnen","massnahmen","alleingang","stoffe","katastrophe","chemiepolitik","hessische","ausstieg","entsorgung","lippold","brauchen","vermeidung","treibhauseffekt","feige","verpackungsverordnung","internationale","tschernobyl","marion","wieczorek","abfall","konferenz","müssen","energieversorgung","mehl","hustedt","endlager","gewusst","tschernobyl","transporte","atomausstieg","endlager","bonn","technologien","homburger","anlagen","prozent","erneuerbareenergiengesetz","fell","abfälle","bergbau","reaktorsicherheit","klimawandel","bundesminister","reaktorsicherheit","kelber","anlagen","ausstieg","fell","emissionshandel","umweltminister","atomausstieg","co","atomkraft","prozent","kohle","kosten","co","energiepolitik","kraftwärmekopplung","risiken","erneuerbare","netzausbau","versorgungssicherheit","energiepolitik","netzausbau","deutschland","wind","anlagen","pariser","ölembargo"
"35","regelung","millionen","wertpapiere","mittel","milliarden","evakuierte","laufzeit","miller","auszugleichen","personenkreises","kriegs","protokoll","vertreibung","zone","anerkennung","bedauern","währungsreform","anerkannt","unrechts","personenkreis","rückgabe","personenkreis","finanzen","kriegs","jugoslawischen","entschädigungsregelung","lastenausgleichs","president","fälle","kollege","flüchtlingen","mitteldeutschen","petent","center","unterhaltshilfeanpassungsgesetzes","cducsu","sperrmassnahmen","wochen","verbrauch","friderichs","verbraucherländer","endlagerung","hauff","steinkohle","unternehmen","entsorgungszentrums","enquetekommission","anlagen","genehmigungsverfahren","umweltschutzes","etwa","genehmigungsverfahren","reaktor","ausbau","nordrheinwestfalen","gerstein","sbk","bundesrat","nordrheinwestfalen","ettlingen","massnahmen","tonnen","anlagen","minister","kohle","stoffe","abfall","wiederaufarbeitung","herr","ökologisch","lebensgrundlagen","erdatmosphäre","energieträger","industrie","wälder","abfälle","klausdieter","schutz","homburger","energien","gutachten","energien","greenpeace","transporte","ökologischen","atomausstieg","atomausstieg","stromerzeugung","klimaschutzpolitik","demonstranten","energiewende","kohle","pfandpflicht","fdp","dosenpfand","erneuerbarer","konrad","technologien","anteil","reaktorsicherheit","endlagerung","kohlekraftwerke","pro","versorgungssicherheit","abfälle","netze","atomkraftwerke","trittin","industrie","kottinguhl","japan","umweltminister","netze","markt","braunkohle","klima","umweltministerin","barbara","netzentgelte","eeg","arbeitsplätze","photovoltaik","future","windkraft","wärme","coemissionen","kohle","erneuerbarer"
"36","besitz","tilgung","kuntscher","evakuierten","rüstungslieferanten","gbbhe","betroffenen","grundsätzen","zahl","materie","lastenausgleichsgesetzes","vorlage","mai","leihbüchereien","betroffenen","ansprüche","weihnachten","causweis","heimatvertriebenen","kriegsgeschädigte","verkaufserlös","rutschke","exportförderung","ausland","persien","kriegsgefangenen","ehemals","personen","verabschiedung","innern","entführer","zone","bundesausgleichsamtes","wasserwirtschaft","transitverkehr","beim","menschenrechtskonvention","rohöl","einfuhren","energieträger","millionen","heizöl","spies","forschungs","matthöfer","wolfram","technik","energiepolitischen","tonnen","umwelt","standort","industrie","frankreich","zubau","kohle","energie","frankreich","technologie","ehmke","schwefeldioxid","endlagerung","kraftwerk","schulte","baum","waldsterben","endlagerung","ökologische","auto","schütz","endlagerung","tropenwaldschutz","natur","weltweit","umweltzerstörung","wieczorek","natur","ausstieg","marion","mikrogramm","ministerin","walter","rochlitz","klimaschutz","bullingschröter","schönberger","transporte","ökosteuer","ökologischen","klimaschutzprogramm","merkel","strom","deutschland","arbeitsplätze","ökologische","windenergie","loske","gutachten","umweltpolitik","kraftwerke","industrie","kottinguhl","steinkohle","technologien","co","energiepreise","hanskurt","klima","fell","moratorium","rösler","markt","ausstieg","endlagersuche","klimawandel","klimapolitik","jahr","gigawatt","erdgas","kernkraftwerke","mieterstromgesetz","preis","massnahmen","ausbau","energiepolitik","anlagen","kohleausstieg","kosten","kernkraftwerke"
"37","vertriebene","aktiengesellschaften","ausgleichsfonds","rinke","währungsreform","zwangslage","leistungsfähigkeit","vermögensabgabe","kriegsgeschädigte","deren","freitag","vorwurf","dokumentation","abwicklung","lastenausgleichsgesetzes","richtlinien","ausbildungsförderung","gesamtdeutsche","geltungsbereich","angemeldet","gewährt","kuntscher","jüdischen","vorlage","verfahrens","reparationsschäden","griechenlands","verfolgung","rehs","fachleute","guatemaltekischen","hermann","geschädigt","ort","beschlossen","darüber","bitte","raffinerien","industrie","bau","öl","energiepolitische","markt","technologien","tonnen","energieeinsparung","wärmepreisdifferenz","benzin","öl","energieträger","gorleben","dring","bundesregierung","brüters","professor","sicherheit","kohle","ökologischen","bleifreien","luftverschmutzung","waldsterben","autobahnen","abfälle","sicherheit","aussteigen","endlager","risiken","autos","anlage","umweltunion","tropenwaldländer","deponien","hanau","unced","klaus","kampeter","kampeter","weltweit","tempolimit","naturschutzes","anlagen","marion","lippold","energien","rio","kurtdieter","merkel","liberalisierung","gutachten","bundesumweltminister","zwischenlager","coemissionen","minister","steinkohlebergbau","windkraft","erneuerbareenergiengesetz","grill","kohle","emissionshandel","cent","umweltschutz","nutzung","klimapolitik","klimawandel","gas","netzbetreiber","kraftwerke","biomethan","deutschland","jahr","netz","erneuerbarer","bullingschröter","energieintensiven","gebäudesanierung","sigmar","konzerne","markt","atommüll","klimaschutzplan","klimaschutzziele","klimaschutzgesetz","strukturwandel","massnahmen","klimaziele","gigawatt","eegumlage","atomkraftwerke"
"38","mittel","höhe","lastenausgleichsbank","lastenausgleichsgesetz","altersfürsorge","hilfe","erlitten","kriegsgeschädigte","ergeben","versorgung","endgültig","grössenordnung","aktionäre","obligationen","korspeter","jahre","elf","frau","härten","rehs","werbungskostenpauschbetrag","besetzten","entschädigt","ausgleichsfonds","verfassungsschutz","heimatvertriebenen","bereits","heimat","gesundheitsschäden","verbände","gefangenen","schäden","unterhaltshilfe","staatsangehörigen","berlin","liegt","verlobten","tage","februar","ruhrkohle","din","bau","unternehmen","brüter","brennelemente","mineralöl","entsorgung","energiequellen","stavenhagen","luft","gebaut","antrag","endlagerung","laermann","anlagen","energiepolitik","neuer","luftreinhaltung","pflanzen","landesregierung","technologie","anlagen","grenzwerte","inbetriebnahme","damen","sandoz","grenzwerte","ökologischen","abfall","massnahmen","pro","schutz","braband","paul","weltweit","müller","produktverantwortung","erdatmosphäre","ministerin","umweltschutzes","wattenmeer","müller","endlagerung","technik","nachhaltige","frau","technik","hirche","rio","hustedt","kurtdieter","ziele","umweltschutz","arbeitsplätze","branche","prozent","tonnen","kioto","energieversorgung","endlager","konrad","technologien","eeg","preise","verbraucher","erzeugung","markt","biblis","co","zwischenlager","krischer","emissionshandel","co","eva","sigmar","handwerkerbonus","nationalen","paris","hubertus","doel","energiepolitik","windkraftanlagen","grünen","paket","akzeptanz","pariser","prozent","wind"
"39","gerade","geld","jaksch","zentralverband","seeleute","mittel","gebühren","verbesserungen","aufbaudarlehen","ganzen","feststellung","worden","gläubigern","anteilseignern","leukert","ausgleichsfonds","fortgeführt","märz","novellen","bundesrepublik","fonds","verloren","verfolgte","bundesausgleichsamt","kriegsfolgengesetzgebung","entschädigt","europarats","windelen","vi","bundesregierung","komplex","verwandten","lastenausgleichsgesetz","kriegsschadenrente","vertriebene","präsident","versorgungsansprüche","rohstoffen","atomkraftwerke","energieeinsparung","nutzung","bundeswirtschaftsminister","steinkohle","risiken","uran","april","stahl","narjes","bundesregierung","sachverständigen","kraftwerke","energiepolitischen","projekte","endlager","programm","sachverständigen","dring","technologien","benzins","autos","brüter","schmidbauer","werte","tonnen","sicherheit","herren","verordnung","montrealer","energie","emissionen","zerstörung","technik","schmidbauer","industriestaaten","sanierung","klausdieter","kernkraftwerken","entsorgungswirtschaft","bundesregierung","gorleben","altlasten","bodenschutz","wälder","clement","morsleben","entsorgung","klimaschutzpolitik","ökologische","temelin","energiepolitik","kiotoprotokoll","naturschutz","loske","forstwirtschaft","kiotoprotokolls","deutschland","deutschland","entsorgung","erreichen","trittin","zertifikate","müssen","emissionen","coausstoss","kottinguhl","versorgungssicherheit","arbeitsplätze","atomenergie","nutzung","umweltpolitik","bergrecht","kelber","abfälle","braunkohle","jahr","lima","versorgungssicherheit","kottinguhl","erreichen","co","strukturwandel","ministerin","klimaschutzgesetz","technologien","energiepolitik","eegumlage","müssen","arbeitsplätze"
"40","geld","betriebe","anspruch","menschen","enteignungsmassnahmen","vorfinanzierung","versicherungsnehmer","einheitswert","korrekt","ausführte","ermitteln","bundesverband","häftlingshilfegesetz","vertriebsverbot","einrichtungshilfe","bundesvertriebenengesetzes","ergehen","anerkannte","anerkannt","gutachten","kundgebungen","ausgleichsfonds","infolge","bundesentschädigungsgesetz","bundesregierung","finanzielle","nunmehr","years","stiftung","bundesentschädigungsgesetzes","vermögens","gesetzentwurf","alfred","vertritt","verplombungspflicht","aufkommenden","steinkohlenbergbau","sonntagsfahrverbot","ölproduzierenden","springorum","wirtschaftsausschusses","sicherheit","thtr","kernkraftwerk","teilerrichtungsgenehmigung","energiequellen","recklinghausen","ministerpräsidenten","mittwoch","langfristige","kernkraftwerks","brüter","catenhusen","steinkohle","mehrkosten","nordrheinwestfalen","programm","kernenergie","laufs","stoffe","umweltpolitischen","energie","landesregierung","kernkraftwerk","energieeinsparung","verordnung","energien","strahlenschutz","stoffe","ökologischen","bundesumweltminister","reduzierung","energieeinsparung","ozonschicht","nutzung","bundesregierung","wald","alpenkonvention","energieversorgung","walter","ökologisch","bodenschutzgesetz","castortransport","nachhaltigkeit","konrad","gorleben","müller","lippold","energieversorgung","transport","industrie","klimaschutzpolitik","industrie","fossilen","instrument","unternehmen","müssen","ökologischen","ökosteuer","versorgungssicherheit","gas","weltweit","kraftwerke","fell","coausstoss","naturschutz","nutzung","marktanreizprogramm","anlagen","euratomvertrag","hempelmann","photovoltaik","ott","pfeiffer","arbeitsplätze","müssen","brauchen","versorgungssicherheit","müssen","akzeptanz","prozent","naturschutz","sektoren","sektoren","wasserstoffstrategie","technologien","klimaziele","wirtschaft"
"41","dr","siedlung","existenzen","bauern","reich","lastenausgleichsfonds","grenze","gerechtigkeit","geltend","abgelöst","vermögens","mende","haftzeit","leistungen","beweiswürdigung","kriegssachschäden","anerkannten","bekommen","fonds","wiedergutmachungsausschuss","heimkehrer","flüchtlingen","lastenausgleich","beweissicherungs","bundesentschädigungsgesetz","bekommen","kempten","griechischen","ansprüche","defensive","hilfe","verabschiedung","ausgleichsfonds","gewerbeordnung","reisebedingungen","ausschalten","getrennten","energieforschung","polstermöbel","mengen","benzinbleigesetz","wirtschaftsausschuss","büllesheim","energiequellen","moratorium","unternehmen","entscheidung","energieprogramms","kohlepolitik","sparen","luft","kooperation","lenzer","kernkraftwerk","programms","luft","bundesforschungsminister","waldes","kohle","baum","antrag","wackersdorf","energieversorgung","ministerpräsident","alkem","energiepolitik","katastrophe","schäden","energien","gorleben","handeln","klausdieter","baum","reduzierung","reaktoren","system","abfällen","handlungsempfehlungen","ausstieg","umweltministerin","ausstieg","bullingschröter","zwischenlager","lippold","energie","bundesumweltminister","evamaria","kernkraftwerken","bundesumweltminister","hirche","atomkraft","müller","lippold","cent","ziele","umweltpolitik","instrumente","strom","clement","atomkraftwerke","eeg","erneuerbarer","anteil","stromerzeugung","energieversorgung","markt","kernkraftwerke","co","erneuerbarer","kraftwärmekopplung","zubau","umlage","zertifikate","brauchen","fossilen","energieversorgung","gradziel","atomausstieg","ziele","nordrheinwestfalen","aussteigen","klimaschutzziele","prozent","costeuer","solarenergie","erreichen","klimaziel","klimaziele"
"42","herr","heimatvertriebene","kriegsgeschädigte","industriekreditbank","unterhaltshilfe","ansprüche","anhebung","existenz","österreichische","problem","vertrages","bundeswirtschaftsministerium","nahm","enteignung","kuntscher","anerkannt","verhandlung","gesetzentwurf","stichtag","rückerstattungsschäden","sowjetischen","hausratentschädigung","gemildert","go","zusatzfrage","juristischen","millionen","januar","personenkreis","kriegsgefangenen","jaeger","zusage","fonds","stunde","leistungen","aussergewöhnliche","parl","millionen","stahl","sicherheit","lambsdorff","megawatt","gebäuden","forschungsförderung","jahre","programm","energieprogramm","risiken","narjes","einsatz","albrecht","fortschreibung","etwa","kalkar","riesenhuber","tonnen","förderung","umweltschutzes","forschungsförderung","juli","ökologischen","bundesregierung","reaktorsicherheit","bundesumweltminister","grundwasser","tonnen","reduzierung","wiederaufarbeitungsanlage","endlager","reduzierung","klimakatastrophe","ökologisch","verwertung","klimakonvention","kampeter","konvention","nutzung","erneuerbaren","klinkert","mochovce","schütz","umweltministerin","atomenergie","bundesregierung","naturschutzes","endlagerung","memorandum","windenergie","bundesregierung","klimaschutzes","hirche","eva","emissionshandel","nachhaltigkeit","strom","energiewirtschaft","erreichen","homburger","homburger","kottinguhl","atomenergie","braunkohle","preise","erreichen","reaktorsicherheit","wettbewerb","marktanreizprogramm","deutschland","müssen","netzausbau","branche","stromsteuer","erkundung","akzeptanz","aktionsprogramm","strukturwandel","barbara","niedersachsen","klimakonferenz","erneuerbare","grünen","eeg","deutschland","madrid","kohleverstromung","markt","ausstieg","erdgas"
"43","währungsreform","bhe","entschädigungsrente","zweijahresplan","gewähren","heimkehrer","zinsen","kriegsfolgenschlussgesetz","oberländer","menschliche","menschliche","darlehen","sowjetzone","dm","anerkannten","gebe","bearbeitung","hilfen","fälle","betroffenen","empfindungen","hausratsentschädigung","heimat","unfallrenten","währungsreform","büttner","europarates","reparationsschädengesetzes","entschädigungsleistungen","mitteldeutschen","ministeriums","heimatrecht","weltweiten","betroffenen","staatsangehörigkeit","baut","auszuschöpfen","liter","mineralölwirtschaft","atomgesetz","energiepolitische","radioaktiver","daher","grundlinien","anlagen","laufs","verstromungsgesetz","bundesimmissionsschutzgesetzes","forschungs","lenzer","entscheidung","technik","radioaktivität","bau","kernkraftwerken","schneller","forschungsförderung","schwefelabgabe","kernenergie","anlagen","grossversuch","alpen","stoffen","schmidbauer","hessischen","wiederaufarbeitungsanlage","energie","umweltschutzes","umweltschutzes","abfällen","erneuerbaren","abfall","energieverbrauch","ganseforth","industrie","kreislaufwirtschaft","endlagers","ökologie","müssen","biologische","rochlitz","böden","endlager","umweltpolitischen","klimaschutz","konsens","emissionen","gutachten","strom","verpackungsverordnung","prozent","windenergie","förderung","agentur","härtefallregelung","verpackungsverordnung","umweltminister","erneuerbarer","holz","biokraftstoffen","schacht","kraftwärmekopplung","glos","erneuerbareenergiengesetz","energiepolitik","autos","deutschland","erreichen","kauch","atomkraft","ausstieg","energieintensiven","unternehmen","umwelt","energiepolitik","erdgas","industrie","atomkraftwerke","kernenergie","energieaussenpolitik","netze","energieversorgung","erreichen","versorgungssicherheit","kohleausstiegsgesetz","coausstoss","sozial","lngterminals"
"44","höhe","gezahlt","hauptentschädigung","fonds","kriegsfolgeschäden","siedlung","sowjetischen","einheitswerte","verbesserungen","ministerium","entschädigung","bestimmung","währungsreform","hausratentschädigung","flucht","sowjetzonenflüchtlinge","eigentum","anerkannten","november","heimatvertriebenen","verbesserungen","gewaltherrschaft","entschädigen","kuntscher","auszahlung","katalog","kollege","korspeter","schädigung","herrn","alfred","beweissicherungs","wirtschaftsstraftaten","stiftung","vertreibung","beipflichten","leistungen","bundesregierung","energieforschungsprogramm","hauff","graf","verbraucher","fortgeschrittenen","energieverwendung","förderung","neuer","bundesregierung","tonnen","bundeswirtschaftsminister","technologiepolitik","energieeinsparung","markt","niedersächsischen","energieversorgung","benecke","wissenschaftler","vorbehalt","notprogramm","stahl","ministerpräsident","entsorgung","stickoxide","energie","waldsterben","wiederaufarbeitung","benzin","umweltverträglichkeitsprüfung","luftreinhaltung","gorleben","energieversorgung","tschernobyl","luft","harald","elektrofahrzeuge","dsd","verpackungen","bertram","massnahmen","grill","brent","kernkraftwerke","altautos","castortransporte","entsorgung","rochlitz","ökologisch","deutschland","markt","erneuerbare","umweltausschuss","loske","nachhaltige","novelle","investitionssicherheit","erneuerbarer","tehg","gas","gorleben","atomkraftwerke","biodiesel","umweltminister","anteil","energiekonzerne","kopp","coemissionen","höhn","naturschutz","ausstieg","brauchen","kernkraftwerke","umweltausschuss","preise","energieversorgung","strompreise","paris","braunkohle","müssen","kohle","klärschlamm","betrieb","cobepreisung","industrie","ziele","umwelt","emissionshandel","umweltpolitik","baerbock","klimapolitik"
"45","zinsen","problem","worden","bundesausgleichsamt","lastenausgleichsfonds","betroffenen","hilfe","entschädigungsrente","verbände","millionen","bundes","obligationen","schiffe","zinszahlung","bundesregierung","flüchtlingen","berücksichtigung","antragsteller","bundesentschädigungsgesetzes","schuldner","eichelbaum","sowjetisch","gradl","auszahlung","erklärung","hauptentschädigung","betroffenen","mr","häftlingen","lastenausgleichs","hoppe","zonenschäden","denen","gestatten","reisenden","benennt","legal","informationspolitik","agreement","ag","mengen","öl","internationale","sonnenenergie","laermann","landesregierung","erdöl","dring","energieeinsparung","technologien","genehmigungsverfahren","energieprogramms","brüter","sicherheit","menzel","empfehlungen","projekte","schäfer","laermann","innenausschuss","energie","landesregierung","ibbenbüren","atomkraftwerke","tempolimit","sicherheit","treibhauseffekt","stahl","emissionen","daniels","energiequellen","massnahmen","erde","energie","vermeidung","kernenergie","greenpeace","offenbach","brauchen","atomenergie","umweltstandards","verordnungen","coemissionen","umweltplan","preussenelektra","energieeinsparung","tokaimura","atomkraftwerke","loske","transporten","klimaschutzpolitik","industrie","hochwasser","waldböden","technologien","strom","holz","energiepreise","windenergie","stromerzeugung","atomkraft","emissionen","ccs","kosten","rohstoffe","industrie","coemissionen","bundesumweltminister","kelber","norbert","kilowattstunde","gebäudesanierung","chinesischen","bayern","coausstoss","unternehmen","dezember","gas","umwelt","aussteigen","subventionen","strukturwandel","klimapolitik","klimakrise","gebäudeenergiegesetz","wind","altmaier","co"
"46","bauern","einwendungen","wertpapieren","strassenschäden","bundesbeihilfen","einheimische","mittel","währungsstichtag","freitag","umstand","verfügung","wertpapier","bundesentschädigungsgesetz","evakuierten","abfindung","verdrängten","zeugen","unterhaltshilfe","leistungsfähigkeit","entschädigungen","rund","schmid","schmid","zwischenfinanzierung","jemals","aussiedler","versammlung","gesetz","familienzusammenführung","bundeskanzlers","stiftung","hoffnungen","fiebig","schicksal","stiftung","benennung","mehrkosten","leichtes","bundesregierung","stavenhagen","finanzierung","friedlichen","bundesregierung","strom","gebaut","laermann","wirtschaftsausschuss","laufs","zimmermann","wirtschaft","schleswigholsteinischen","hochtemperaturreaktor","ökoinstitut","entscheidung","kernkraftwerke","steinkohlenbergbau","verantworten","bleifreies","autos","schmidbauer","bleifreies","tempo","emissionen","grenzwerte","natürlichen","atomenergie","ökologischen","stoffe","tonnen","schütz","erneuerbarer","weltweit","jutta","welt","emissionen","müll","weltweit","produkte","tschernobyl","tonnen","ökologischen","birgit","la","umweltgesetzbuch","transport","ökosteuer","umweltausschuss","umweltschutz","konferenz","zwangspfand","reaktorsicherheit","nachhaltigkeitsstrategie","umweltministerium","rücknahmesystem","emissionshandels","windenergie","eeg","energieeffizienz","investitionen","kosten","kauch","atomausstieg","wärme","kauch","klimawandel","kosten","ziele","höhn","bullingschröter","ziel","kelber","verbraucherinnen","umweltpolitik","müssen","ausgleichsregelung","erdgasförderung","krischer","erdgasförderung","endlagersuche","saathoff","schulze","windenergieanlagen","industrie","ausstieg","solardeckel","fossilen","ziel","klimawandel"
"47","anspruch","sagen","zweijahresplan","abschnitt","reichs","vertreibung","bundesvertriebenenminister","bundesgebiet","schäden","genommen","beamte","einsender","geschäftsbereich","künstlerhilfe","golddiskontbank","gesamtdeutschen","finanz","bundesausgleichsamtes","lastenausgleichsausschuss","regierungsvorlage","erlitten","bundesausgleichsamts","verfolgten","einheimischen","eingliederung","kriegsschadensrente","viag","grundsätzen","dokumentation","ersparnis","ablauf","millionen","präsident","deutschen","personenkreis","besuche","besucher","bundesrepublik","rohöl","sondervermögen","energiewirtschaft","strom","novelle","genehmigungsverfahren","riesenhuber","rationellen","industrie","umwelt","neuer","tonnen","erdöl","reuschenbach","energie","technischen","finanzierung","ta","aufhebung","laufs","innenminister","schäfer","baum","einführung","abfall","wald","landesregierung","bundesregierung","genehmigungsbehörde","ausstieg","schadstoffe","umweltausschuss","regenwald","nutzung","sanierung","feige","entsorgung","entsorgung","energieträger","pro","erneuerbaren","ökologisch","hustedt","klinkert","kernkraftwerke","ökologischen","mochovce","bullingschröter","borchert","epr","jürgen","ökosteuer","förderung","atomenergie","kernenergie","hartmann","nutzung","kiotoprotokoll","flexiblen","energieversorgung","jürgen","energieforschung","allokationsplan","kelber","energieversorgung","kohlekraftwerke","nachtstromspeicherheizungen","ökologische","erreichen","rwe","sicherheit","kernfusion","technologien","strompreis","jahr","ausnahmen","netzentgelte","kwkanlagen","stromsperren","baerbock","atomkraftwerken","atomkraftwerke","energieeffizienz","wind","leitungen","kohlekommission","klimakrise","subventionen","energieversorgung","kosten"
"48","grossen","verloren","geschädigte","beihilfen","fonds","zinsen","mitgefühl","entschädigt","eingliederungsmassnahmen","ziehen","wahrung","steuer","korspeter","ehemals","antrag","festgestellt","versehen","flüchtlingsgesetzgebung","anspruchsberechtigten","unterhaltshilfeempfänger","stichtag","böhme","gleichberechtigung","erlitten","nahm","sterilisiert","menschenrechtskommission","juristischen","finanzierung","überschreitung","tode","vorbehaltsrechte","zusatzfrage","novelle","tatsächlich","betroffener","mitgeteilt","arabischen","kraftwerke","energiepolitische","bergbau","haenschke","hochtemperaturreaktoren","energiepolitische","atomgesetzes","erdgas","steger","kernkraftwerk","kernkraftwerk","heimischen","energieprogramms","gorleben","strom","breuel","frankreich","riesenhuber","bau","energiepolitik","stickoxide","schadstoffe","grossfeuerungsanlagenverordnung","rau","millirem","energiebericht","plutonium","minister","schmidbauer","ozonschicht","anreize","anlage","energieeinsparung","altlasten","müssen","lippold","schäden","verordnung","homburger","umweltausschuss","reduktion","mehl","homburger","umsetzung","transport","höhn","walter","coemissionen","umweltminister","ökologisch","töpfer","umweltschutz","bullingschröter","vorreiterrolle","windkraft","pro","klimaschutzpolitik","caesar","endlagerung","gas","tonnen","tonnen","energiepolitik","klima","biomasse","ziele","kosten","deutschland","verbraucher","norbert","laufzeiten","deutschland","gigawatt","klimafonds","handelsperiode","baerbock","ziel","erdverkabelung","anlagen","verlinden","ausbau","kernkraftwerke","fossilen","arbeitsplätze","for","eegumlage","pvdeckel","prozent","coemissionen","energieträger"
"49","gar","kriegsgeschädigten","betriebe","verbänden","reparations","eingegliedert","einheitswert","millionen","überleitungsvertrag","ausmass","betrag","bundesverbandes","dr","vorfinanzierung","heimatvertriebene","anträge","politik","rutschke","haftung","lastenausgleichsausschuss","lebensunterhalt","eichelbaum","dm","wort","liefern","leistungsgesetz","kuntscher","kriegs","bundesregierung","rutschke","vermögenswerte","lichtenau","abgeordnete","behörden","frau","chaos","speziellen","steinkohle","arabischen","wirtschaft","zeyer","abfälle","hochtemperaturreaktorentwicklung","antworten","industriellen","kernkraftwerken","bundeswirtschaftsminister","ta","industrie","bundeswirtschaftsminister","technologien","risiko","energiepolitik","bund","etwa","technische","bundesminister","technischen","boden","umweltfreundliche","anreize","bleifrei","hönes","stoffe","entsorgung","energie","wiener","treibhauseffekt","konrad","ausstieg","energieträger","energieträger","abgeschaltet","internationalen","ökologie","wieczorek","energieversorgung","emissionen","temelin","klinkert","energiepolitik","nachhaltige","glogowski","atomgesetzes","düsseldorf","hustedt","grill","frankreich","entsorgungskonzept","kiotoprotokoll","naturschutzes","erneuerbarer","coemissionen","waldwirtschaft","wirtschaft","verwertung","kiotoprotokolls","erreichen","bundesminister","hansjosef","hanskurt","gas","automobilindustrie","pro","automobilindustrie","coemissionen","endlager","branche","lubmin","ausstieg","brauchen","kohle","konsens","fuchs","eva","emissionshandel","jahr","fossilen","konsens","megawatt","atomausstieg","sektoren","fridays","markt","verehrten","emissionen","technologieoffenheit","erreichen"
"50","soforthilfegesetz","besitzes","kunze","strosche","schwerbeschädigte","strosche","verlangen","grundsatz","weiden","novelle","bundestagsfraktion","konkurrenz","rettungsmittel","ehemalige","eichelbaum","stellen","soldaten","hypothekengewinnabgabe","opfer","bundesfinanzminister","worden","anspruch","erschöpft","orchester","juni","verzinsung","lastenausgleichsgesetzes","hauptentschädigung","fonds","entschliessung","verschärfung","aussergewöhnlichen","abgeordneter","dm","hauptentschädigung","commentzurufe","vereinbarung","preisen","herr","etwa","kraftwerke","mw","forschungseinrichtungen","lenzer","forschungs","strom","landesregierung","volmer","kohleveredelung","probst","fernwärme","schäfer","bereich","hessen","bugl","millionen","anfrage","ökologie","einführung","bundesinnenminister","liter","energieversorgung","novelle","risiken","offenburg","luft","brüters","nationalen","co","natur","altlasten","jutta","klausdieter","energien","betreiber","energiepolitik","klinkert","bundesumweltminister","ökologie","arten","frau","produktverantwortung","klinkert","nachhaltigen","energieversorgungsunternehmen","aussteigen","unfall","vereinbarung","emissionen","birgit","ökologische","erreichen","umweltminister","subventionen","kohle","nachwachsenden","chemiepolitik","bergleute","gorleben","ausstieg","deutschland","versteigerung","kernkraftwerke","klimaschutzziele","kohle","klimawandels","technologien","betreiber","technologien","reaktorsicherheit","novelle","höhn","bundesminister","backloading","müssen","ziele","rückstellungen","jahr","energieeffizienz","höhn","klimaziel","kosten","umwelt","emissionen","green","kraftstoffe","umwelt","windenergie"
